,Year,Coal production change (%),Coal production change (tWh),Gas production change (%),Oil production change (%),Oil production change (tWh),Energy consumption change (%),Energy consumption change (tWh),Biofuel consumption change (tWh),Biofuel consumption (tWh),Biofuel consumption per capita (kWh),Coal consumption (tWh),Coal production (tWh),Coal production per capita (kWh),Electricity generation (tWh),Hydro electricity generation (tWh),Nuclear electricity generation (tWh),Other renewable electricity (tWh),Renewables electricity generation (tWh),Solar electricity generation (tWh),Wind electricity generation (tWh),Energy consumption per GDP (kWh/$),Energy consumption per capita (kWh),Gas consumption (tWh),Gas production (tWh),Gas production per capita (kWh),Share of electricity consumption from hydro,Hydro electricity consumption per capita (kWh),Electricity consumption share from low carbon,Low carbon electricity generation (tWh),Low carbon electricity consumption (kWh),Share of electricity consumption from nuclear,Nuclear electricity consumption per capita (kWh),Oil energy consumption (tWh),Oil production (tWh),Oil production per capita (kWh),Other renewables consumption per capita (kWh),Share of consumption from other renewables,Electricity consumption per capita (kWh),Population,Primary energy consumption (tWh),Renewables consumption per capita (kWh),Share of consumption from renewables,Share of electricity consumption from solar,Solar consumption per capita (kWh),GDP,Share of electricity consumption from wind,Wind consumption per capita (kWh)
0,1900,,,,,,,,,,,,0.0,0.0,,,,,,,,,,,,,,,,,,,,,,,,,,5021241.0,,,,,,,,
1,1901,,0.0,,,,,,,,,,0.0,0.0,,,,,,,,,,,,,,,,,,,,,,,,,,5053439.0,,,,,,,,
2,1902,,0.0,,,,,,,,,,0.0,0.0,,,,,,,,,,,,,,,,,,,,,,,,,,5085403.0,,,,,,,,
3,1903,,0.0,,,,,,,,,,0.0,0.0,,,,,,,,,,,,,,,,,,,,,,,,,,5118005.0,,,,,,,,
4,1904,,0.0,,,,,,,,,,0.0,0.0,,,,,,,,,,,,,,,,,,,,,,,,,,5150814.0,,,,,,,,
5,1905,,0.0,,,,,,,,,,0.0,0.0,,,,,,,,,,,,,,,,,,,,,,,,,,5183829.0,,,,,,,,
6,1906,,0.0,,,,,,,,,,0.0,0.0,,,,,,,,,,,,,,,,,,,,,,,,,,5217053.0,,,,,,,,
7,1907,,0.0,,,,,,,,,,0.0,0.0,,,,,,,,,,,,,,,,,,,,,,,,,,5249854.0,,,,,,,,
8,1908,,0.0,,,,,,,,,,0.0,0.0,,,,,,,,,,,,,,,,,,,,,,,,,,5283495.0,,,,,,,,
9,1909,,0.0,,,,,,,,,,0.0,0.0,,,,,,,,,,,,,,,,,,,,,,,,,,5317347.0,,,,,,,,
10,1910,,0.0,,,,,,,,,,0.0,0.0,,,,,,,,,,,,,,,,,,,,,,,,,,5351413.0,,,,,,,,
11,1911,,0.0,,,,,,,,,,0.0,0.0,,,,,,,,,,,,,,,,,,,,,,,,,,5385509.0,,,,,,,,
12,1912,,0.0,,,,,,,,,,0.0,0.0,,,,,,,,,,,,,,,,,,,,,,,,,,5420004.0,,,,,,,,
13,1913,,0.0,,,,,,,,,,0.0,0.0,,,,,,,,,,,,,,,,,,,,,,,,,,5459010.0,,,,,,,,
14,1914,,0.0,,,,,,,,,,0.0,0.0,,,,,,,,,,,,,,,,,,,,,,,,,,5502589.0,,,,,,,,
15,1915,,0.0,,,,,,,,,,0.0,0.0,,,,,,,,,,,,,,,,,,,,,,,,,,5550805.0,,,,,,,,
16,1916,,0.0,,,,,,,,,,0.0,0.0,,,,,,,,,,,,,,,,,,,,,,,,,,5599440.0,,,,,,,,
17,1917,,0.0,,,,,,,,,,0.0,0.0,,,,,,,,,,,,,,,,,,,,,,,,,,5648497.0,,,,,,,,
18,1918,,0.0,,,,,,,,,,0.0,0.0,,,,,,,,,,,,,,,,,,,,,,,,,,5704092.0,,,,,,,,
19,1919,,0.0,,,,,,,,,,0.0,0.0,,,,,,,,,,,,,,,,,,,,,,,,,,5758692.0,,,,,,,,
20,1920,,0.0,,,,,,,,,,0.0,0.0,,,,,,,,,,,,,,,,,,,,,,,,,,5813814.0,,,,,,,,
21,1921,,0.0,,,,,,,,,,0.0,0.0,,,,,,,,,,,,,,,,,,,,,,,,,,5869464.0,,,,,,,,
22,1922,,0.0,,,,,,,,,,0.0,0.0,,,,,,,,,,,,,,,,,,,,,,,,,,5925647.0,,,,,,,,
23,1923,,0.0,,,,,,,,,,0.0,0.0,,,,,,,,,,,,,,,,,,,,,,,,,,5982368.0,,,,,,,,
24,1924,,0.0,,,,,,,,,,0.0,0.0,,,,,,,,,,,,,,,,,,,,,,,,,,6039631.0,,,,,,,,
25,1925,,0.0,,,,,,,,,,0.0,0.0,,,,,,,,,,,,,,,,,,,,,,,,,,6097443.0,,,,,,,,
26,1926,,0.0,,,,,,,,,,0.0,0.0,,,,,,,,,,,,,,,,,,,,,,,,,,6155808.0,,,,,,,,
27,1927,,0.0,,,,,,,,,,0.0,0.0,,,,,,,,,,,,,,,,,,,,,,,,,,6214731.0,,,,,,,,
28,1928,,0.0,,,,,,,,,,0.0,0.0,,,,,,,,,,,,,,,,,,,,,,,,,,6274219.0,,,,,,,,
29,1929,,0.0,,,,,,,,,,0.0,0.0,,,,,,,,,,,,,,,,,,,,,,,,,,6334276.0,,,,,,,,
30,1930,,0.0,,,,,,,,,,0.0,0.0,,,,,,,,,,,,,,,,,,,,,,,,,,6394908.0,,,,,,,,
31,1931,,0.0,,,,,,,,,,0.0,0.0,,,,,,,,,,,,,,,,,,,,,,,,,,6456120.0,,,,,,,,
32,1932,,0.0,,,,,,,,,,0.0,0.0,,,,,,,,,,,,,,,,,,,,,,,,,,6517918.0,,,,,,,,
33,1933,,0.0,,,,,,,,,,0.0,0.0,,,,,,,,,,,,,,,,,,,,,,,,,,6580308.0,,,,,,,,
34,1934,,0.0,,,,,,,,,,0.0,0.0,,,,,,,,,,,,,,,,,,,,,,,,,,6643295.0,,,,,,,,
35,1935,,0.0,,,,,,,,,,0.0,0.0,,,,,,,,,,,,,,,,,,,,,,,,,,6706885.0,,,,,,,,
36,1936,,0.0,,,,,,,,,,0.0,0.0,,,,,,,,,,,,,,,,,,,,,,,,,,6771083.0,,,,,,,,
37,1937,,0.0,,,,,,,,,,0.0,0.0,,,,,,,,,,,,,,,,,,,,,,,,,,6835896.0,,,,,,,,
38,1938,,0.0,,,,,,,,,,0.0,0.0,,,,,,,,,,,,,,,,,,,,,,,,,,6901330.0,,,,,,,,
39,1939,,0.0,,,,,,,,,,0.0,0.0,,,,,,,,,,,,,,,,,,,,,,,,,,6967389.0,,,,,,,,
40,1940,,0.0,,,,,,,,,,0.0,0.0,,,,,,,,,,,,,,,,,,,,,,,,,,7034081.0,,,,,,,,
41,1941,,0.0,,,,,,,,,,0.0,0.0,,,,,,,,,,,,,,,,,,,,,,,,,,7101412.0,,,,,,,,
42,1942,,0.0,,,,,,,,,,0.0,0.0,,,,,,,,,,,,,,,,,,,,,,,,,,7169387.0,,,,,,,,
43,1943,,0.0,,,,,,,,,,0.0,0.0,,,,,,,,,,,,,,,,,,,,,,,,,,7238012.0,,,,,,,,
44,1944,,0.0,,,,,,,,,,0.0,0.0,,,,,,,,,,,,,,,,,,,,,,,,,,7307295.0,,,,,,,,
45,1945,,0.0,,,,,,,,,,0.0,0.0,,,,,,,,,,,,,,,,,,,,,,,,,,7377241.0,,,,,,,,
46,1946,,0.0,,,,,,,,,,0.0,0.0,,,,,,,,,,,,,,,,,,,,,,,,,,7447856.0,,,,,,,,
47,1947,,0.0,,,,,,,,,,0.0,0.0,,,,,,,,,,,,,,,,,,,,,,,,,,7519147.0,,,,,,,,
48,1948,,0.0,,,,,,,,,,0.0,0.0,,,,,,,,,,,,,,,,,,,,,,,,,,7591120.0,,,,,,,,
49,1949,,0.041,,,,,,,,,,0.041,5.311,,,,,,,,,,,,,,,,,,,,,,,,,,7663783.0,,,,,,,,
50,1950,180.0,0.073,,,,,,,,,,0.114,14.703,,,,,,,,,,,,,,,,,,,,,,,,,,7752000.0,,,,,,19494799360.0,,
51,1951,7.143,0.008,,,,,,,,,,0.122,15.576,,,,,,,,,,,,,,,,,,,,,,,,,,7840000.0,,,,,,20063848448.0,,
52,1952,13.333,0.016,,,,,,,,,,0.138,17.439,,,,,,,,,,,,,,,,,,,,,,,,,,7936000.0,,,,,,20742350848.0,,
53,1953,-5.882,-0.008,,,,,,,,,,0.13,16.201,,,,,,,,,,,,,,,,,,,,,,,,,,8040000.0,,,,,,22015463424.0,,
54,1954,-6.25,-0.008,,,,,,,,,,0.122,14.982,,,,,,,,,,,,,,,,,,,,,,,,,,8151000.0,,,,,,22483329024.0,,
55,1955,53.333,0.065,,,,,,,,,,0.187,22.639,,,,,,,,,,,,,,,,,,,,,,,,,,8271000.0,,,,,,22929889280.0,,
56,1956,0.0,0.0,,,,,,,,,,0.187,22.294,,,,,,,,,,,,,,,,,,,,,,,,,,8399000.0,,,,,,23959928832.0,,
57,1957,26.087,0.049,,,,,,,,,,0.236,27.661,,,,,,,,,,,,,,,,,,,,,,,,,,8535000.0,,,,,,23961913344.0,,
58,1958,17.241,0.041,,,,,,,,,,0.277,31.889,,,,,,,,,,,,,,,,,,,,,,,,,,8680000.0,,,,,,25307435008.0,,
59,1959,20.588,0.057,,,,,,,,,,0.334,37.784,,,,,,,,,,,,,,,,,,,,,,,,,,8834000.0,,,,,,26035625984.0,,
60,1960,17.073,0.057,,,,,,,,,,0.391,43.433,,,,,,,,,,,,,,,,,,,,,,,,,,8997000.0,,,,,,26970775552.0,,
61,1961,37.5,0.147,,,,,,,,,,0.537,58.6,,,,,,,,,,,,,,,,,,,,,,,,,,9169000.0,,,,,,27196444672.0,,
62,1962,69.697,0.374,,,,,,,,,,0.912,97.508,,,,,,,,,,,,,,,,,,,,,,,,,,9351000.0,,,,,,27669565440.0,,
63,1963,-11.607,-0.106,,,,,,,,,,0.806,84.456,,,,,,,,,,,,,,,,,,,,,,,,,,9543000.0,,,,,,28174182400.0,,
64,1964,14.141,0.114,,,,,,,,,,0.92,94.401,,,,,,,,,,,,,,,,,,,,,,,,,,9745000.0,,,,,,28718712832.0,,
65,1965,27.434,0.252,,,,,,,,,,1.172,117.749,,,,,,,,,,,,,,,,,,,,,,,,,,9956000.0,,,,,,29364660224.0,,
66,1966,12.5,0.147,,,,,,,,,,1.319,129.616,,,,,,,,,,,,,,,,,,,,,,,,,,10175000.0,,,,,,29652846592.0,,
67,1967,-6.79,-0.09,,,,,,,,,,1.229,118.201,,,,,,,,,,,,,,,,,,,,,,,,,,10400000.0,,,,,,30483396608.0,,
68,1968,-17.219,-0.212,,,,,,,,,,1.018,95.668,,,,,,,,,,,,,,,,,,,,,,,,,,10637000.0,,,,,,31572750336.0,,
69,1969,8.8,0.09,,,,,,,,,,1.107,101.632,,,,,,,,,,,,,,,,,,,,,,,,,,10894000.0,,,,,,32077457408.0,,
70,1970,20.588,0.228,,,,,,,,,,1.335,119.485,,,,,,,,,,,,,,,,,,,,,,,,,,11174000.0,,,,,,32718391296.0,,
71,1971,-17.683,-0.236,,,,,,,,,,1.099,95.777,,,,,,,,,,,,,,,,,,,,,,,,,,11475000.0,,,,,,32637440000.0,,
72,1972,-47.407,-0.521,,,,,,,,,,0.578,49.021,,,,,,,,,,,,,,,,,,,,,,,,,,11791000.0,,,,,,27282794496.0,,
73,1973,64.789,0.374,,,,,,,,,,0.952,78.66,,,,,,,,,,,,,,,,,,,,,,,,,,12109000.0,,,,,,28063311872.0,,
74,1974,-1.709,-0.016,,,,,,,,,,0.936,75.422,,,,,,,,,,,,,,,,,,,,,,,,,,12413000.0,,,,,,29596028928.0,,
75,1975,30.435,0.285,,,,,,,,,,1.221,96.237,,,,,,,,,,,,,,,,,,,,,,,,,,12689000.0,,,,,,31443699712.0,,
76,1976,6.667,0.081,,,,,,,,,,1.303,100.638,,,,,,,,,,,,,,,,,,,,,,,,,,12943000.0,,,,,,33149286400.0,,
77,1977,6.25,0.081,,,,,,,,,,1.384,105.077,,,,,,,,,,,,,,,,,,,,,,,,,,13171000.0,,,,,,31486078976.0,,
78,1978,28.235,0.391,,,,,,,,,,1.775,133.029,,,,,,,,,,,,,,,,,,,,,,,,,,13341000.0,,,,,,33820835840.0,,
79,1979,-39.45,-0.7,,,,,,,,,,1.075,80.129,,,,,,,,,,,,,,,,,,,,,,,,,,13411000.0,,,,,,32947607552.0,,
80,1980,-35.709,-0.384,,,,,,,,,,0.691,51.724,,,,,,,,0.245,581.932,,,,,,,,,,,,,,,,,13357000.0,7.773,,,,,31712751616.0,,
81,1981,5.042,0.035,,,,12.338,0.959,,,,,0.726,55.095,,,,,,,,0.27,662.913,,,,,,,,,,,,,,,,,13172000.0,8.732,,,,,32398444544.0,,
82,1982,16.0,0.116,,,,4.617,0.403,,,,,0.842,65.344,,,,,,,,0.276,709.075,,,,,,,,,,,,,,,,,12883000.0,9.135,,,,,33068124160.0,,
83,1983,0.0,0.0,,,,20.486,1.871,,,,,0.842,67.142,,,,,,,,0.317,877.846,,,,,,,,,,,,,,,,,12538000.0,11.006,,,,,34692370432.0,,
84,1984,2.069,0.017,,,,0.452,0.05,,,,,0.859,70.407,,,,,,,,0.313,905.948,,,,,,,,,,,,,,,,,12204000.0,11.056,,,,,35319054336.0,,
85,1985,2.027,0.017,,,,-0.122,-0.013,,,,,0.877,73.435,,,,,,,,0.312,925.007,,,,,,,,,,,,,,,,,11938000.0,11.043,,,,,35424002048.0,,
86,1986,5.96,0.052,,,,2.556,0.282,,,,,0.929,79.151,,,,,,,,0.31,964.974,,,,,,,,,,,,,,,,,11736000.0,11.325,,,,,36477153280.0,,
87,1987,4.375,0.041,,,,62.018,7.024,,,,,0.97,83.546,,,,,,,,0.561,1581.083,,,,,,,,,,,,,,,,,11605000.0,18.348,,,,,32731392000.0,,
88,1988,-17.365,-0.168,,,,77.111,14.149,,,,,0.801,68.961,,,,,,,,1.082,2797.136,,,,,,,,,,,,,,,,,11618000.0,32.497,,,,,30025320448.0,,
89,1989,-7.971,-0.064,,,,-1.752,-0.569,,,,,0.737,62.122,,,,,,,,1.144,2690.02,,,,,,,,,,,,,,,,,11869000.0,31.928,,,,,27910701056.0,,
90,1990,-17.323,-0.128,,,,-0.942,-0.301,,,,,0.61,49.114,,,,,,,,1.17,2548.097,,,,,,,,,,,,,,,,,12412000.0,31.627,,,,,27027456000.0,,
91,1991,-10.476,-0.064,,,,-56.839,-17.976,,,,,0.546,41.036,,,,,,,,0.567,1026.439,,,,,,,,,,,,,,,,,13299000.0,13.651,,,,,24076392448.0,,
92,1992,-91.489,-0.499,,,,-34.352,-4.689,,,,,0.046,3.206,,,,,,,,0.366,618.62,,,,,,,,,,,,,,,,,14486000.0,8.961,,,,,24472467456.0,,
93,1993,-12.501,-0.006,,,,-0.294,-0.026,,,,,0.041,2.569,,,,,,,,0.487,564.895,,,,,,,,,,,,,,,,,15817000.0,8.935,,,,,18363240448.0,,
94,1994,-14.285,-0.006,,,,-3.561,-0.318,,,,,0.035,2.04,,,,,,,,0.604,504.612,,,,,,,,,,,,,,,,,17076000.0,8.617,,,,,14271192064.0,,
95,1995,-16.634,-0.006,,,,-15.904,-1.37,,,,,0.029,1.603,,,,,,,,0.338,400.105,,,,,,,,,,,,,,,,,18111000.0,7.246,,,,,21408944128.0,,
96,1996,-40.0,-0.012,,,,-1.761,-0.128,,,,,0.017,0.924,,,,,,,,0.351,377.589,,,,,,,,,,,,,,,,,18853000.0,7.119,,,,,20271888384.0,,
97,1997,-33.333,-0.006,,,,-4.485,-0.319,,,,,0.012,0.6,,,,,,,,0.354,351.264,,,,,,,,,,,,,,,,,19357000.0,6.799,,,,,19232094208.0,,
98,1998,0.0,0.0,,,,-2.669,-0.181,,,,,0.012,0.589,,,,,,,,0.36,335.29,,,,,,,,,,,,,,,,,19738000.0,6.618,,,,,18362912768.0,,
99,1999,-50.0,-0.006,,,,-0.093,-0.006,,,,,0.006,0.288,,,,,,,,0.378,327.789,,,,,,,,,,,,,,,,,20171000.0,6.612,,,,,17476122624.0,,
100,2000,0.0,0.0,,,,-12.633,-0.835,,,,,0.006,0.279,0.467,0.312,0.0,0.0,0.312,0.0,0.0,0.35,277.985,,,,66.809,15.014,66.809,0.312,15.014,0.0,0.0,,,,0.0,0.0,22.474,20780000.0,5.777,15.014,66.809,0.0,0.0,16508834816.0,0.0,0.0
101,2001,2498.993,0.145,,,,-22.419,-1.295,,,,,0.151,6.986,0.592,0.498,0.0,0.0,0.498,0.0,0.0,0.288,207.409,,,,84.122,23.048,84.122,0.498,23.048,0.0,0.0,,,,0.0,0.0,27.399,21607000.0,4.481,23.048,84.122,0.0,0.0,15574844416.0,0.0,0.0
102,2002,-19.231,-0.029,,,,-4.909,-0.22,,,,,0.122,5.394,0.687,0.555,0.0,0.0,0.555,0.0,0.0,0.166,188.554,,,,80.786,24.556,80.786,0.555,24.556,0.0,0.0,,,,0.0,0.0,30.397,22601000.0,4.262,24.556,80.786,0.0,0.0,25676800000.0,0.0,0.0
103,2003,66.667,0.081,,,,18.293,0.78,,,,,0.203,8.581,0.939,0.63,0.0,0.0,0.63,0.0,0.0,0.181,212.873,,,,67.093,26.604,67.093,0.63,26.604,0.0,0.0,,,,0.0,0.0,39.652,23681000.0,5.041,26.604,67.093,0.0,0.0,27805560832.0,0.0,0.0
104,2004,-2.857,-0.006,,,,-7.385,-0.372,,,,,0.197,7.983,0.894,0.565,0.0,0.0,0.565,0.0,0.0,0.164,188.813,,,,63.199,22.85,63.199,0.565,22.85,0.0,0.0,,,,0.0,0.0,36.155,24727000.0,4.669,22.85,63.199,0.0,0.0,28447686656.0,0.0,0.0
105,2005,-2.941,-0.006,,,,28.702,1.34,,,,,0.192,7.468,0.934,0.59,0.0,0.0,0.59,0.0,0.0,0.192,234.226,,,,63.169,22.998,63.169,0.59,22.998,0.0,0.0,,,,0.0,0.0,36.408,25654000.0,6.009,22.998,63.169,0.0,0.0,31259645952.0,0.0,0.0
106,2006,6.061,0.012,,,,21.262,1.278,,,,,0.203,7.687,0.837,0.637,0.0,0.0,0.637,0.0,0.0,0.213,275.655,,,,76.105,24.099,76.105,0.637,24.099,0.0,0.0,,,,0.0,0.0,31.665,26433000.0,7.286,24.099,76.105,0.0,0.0,34132578304.0,0.0,0.0
107,2007,594.286,1.208,,,,29.101,2.12,,,,,1.411,52.057,0.946,0.748,0.0,0.0,0.748,0.0,0.0,0.237,347.103,,,,79.07,27.6,79.07,0.748,27.6,0.0,0.0,,,,0.0,0.0,34.906,27101000.0,9.407,27.6,79.07,0.0,0.0,39628988416.0,0.0,0.0
108,2008,42.798,0.604,,,,74.308,6.99,,,,,2.015,72.671,0.728,0.542,0.0,0.0,0.542,0.0,0.0,0.404,591.474,,,,74.45,19.551,74.451,0.542,19.552,0.0,0.0,,,,0.0,0.0,26.261,27722000.0,16.397,19.552,74.451,0.0,0.0,40561582080.0,0.001,0.0
109,2009,44.092,0.888,,,,63.496,10.411,,,,,2.903,102.231,0.938,0.776,0.0,0.0,0.776,0.0,0.0,0.564,944.117,,,,82.72,27.329,82.731,0.776,27.332,0.0,0.0,,,,0.0,0.0,33.038,28395000.0,26.808,27.332,82.731,0.0,0.0,47539798016.0,0.011,0.004
110,2010,45.0,1.306,,,,23.821,6.386,,,,,4.209,144.218,0.936,0.751,0.0,0.0,0.751,0.0,0.0,0.676,1137.331,,,,80.209,25.732,80.241,0.751,25.742,0.0,0.0,,,,0.0,0.0,32.08,29186000.0,33.194,25.742,80.241,0.021,0.007,49068883968.0,0.011,0.003
111,2011,104.138,4.383,,,,35.558,11.803,,,,,8.592,285.302,0.847,0.595,0.0,0.0,0.595,0.0,0.0,0.844,1494.088,,,,70.223,19.756,70.258,0.595,19.766,0.0,0.0,,,,0.0,0.0,28.134,30117000.0,44.997,19.766,70.258,0.024,0.007,53326336000.0,0.012,0.003
112,2012,-16.216,-1.393,,,,-10.5,-4.725,,,,,7.199,231.028,0.912,0.71,0.0,0.0,0.738,0.028,0.0,0.681,1292.41,,,,77.851,22.785,80.921,0.738,23.683,0.0,0.0,,,,0.0,0.0,29.267,31161000.0,40.273,23.683,80.921,3.07,0.899,59166900224.0,0.0,0.0
113,2013,8.629,0.621,,,,-18.533,-7.464,,,,,7.82,242.339,1.103,0.855,0.0,0.0,0.885,0.03,0.0,0.521,1016.698,,,,77.516,26.495,80.236,0.885,27.425,0.0,0.0,,,,0.0,0.0,34.18,32270000.0,32.809,27.425,80.236,2.72,0.93,62993698816.0,0.0,0.0
114,2014,12.65,0.989,,,,-9.544,-3.131,,,,,8.81,263.989,1.154,0.968,0.0,0.0,1.0,0.032,0.0,0.461,889.321,,,,83.882,29.007,86.655,1.0,29.966,0.0,0.0,,,,0.0,0.0,34.581,33371000.0,29.678,29.966,86.655,2.773,0.959,64346107904.0,0.0,0.0
115,2015,-10.043,-0.885,,,,10.917,3.24,,,,,7.925,230.278,1.178,1.001,0.0,0.0,1.034,0.033,0.0,0.524,956.51,,,,84.975,29.087,87.776,1.034,30.046,0.0,0.0,,,,0.0,0.0,34.23,34414000.0,32.917,30.046,87.776,2.801,0.959,62783393792.0,0.0,0.0
116,2016,24.396,1.933,,,,8.567,2.82,,,,,9.858,278.61,1.21,1.025,0.0,0.0,1.06,0.035,0.0,0.556,1010.014,,,,84.711,28.969,87.603,1.06,29.958,0.0,0.0,,,,0.0,0.0,34.197,35383000.0,35.737,29.958,87.603,2.893,0.989,64297426944.0,0.0,0.0
117,2017,,,,,,,,,,,,,,1.256,1.05,0.0,0.0,1.088,0.038,0.0,,,,,,83.599,28.929,86.624,1.088,29.976,0.0,0.0,,,,0.0,0.0,34.604,36296000.0,,29.976,86.624,3.025,1.047,,0.0,0.0
118,2018,,,,,,,,,,,,,,1.115,0.928,0.0,0.0,0.965,0.037,0.0,,,,,,83.229,24.965,86.547,0.965,25.96,0.0,0.0,,,,0.0,0.0,29.996,37172000.0,,25.96,86.547,3.318,0.995,,0.0,0.0
119,2019,,,,,,,,,,,,,,1.032,0.84,0.0,0.0,0.88,0.04,0.0,,,,,,81.395,22.081,85.271,0.88,23.132,0.0,0.0,,,,0.0,0.0,27.128,38042000.0,,23.132,85.271,3.876,1.051,,0.0,0.0
