,Year,Coal production change (%),Coal production change (tWh),Gas production change (%),Oil production change (%),Oil production change (tWh),Energy consumption change (%),Energy consumption change (tWh),Biofuel consumption change (tWh),Biofuel consumption (tWh),Biofuel consumption per capita (kWh),Coal consumption (tWh),Coal production (tWh),Coal production per capita (kWh),Electricity generation (tWh),Hydro electricity generation (tWh),Nuclear electricity generation (tWh),Other renewable electricity (tWh),Renewables electricity generation (tWh),Solar electricity generation (tWh),Wind electricity generation (tWh),Energy consumption per GDP (kWh/$),Energy consumption per capita (kWh),Gas consumption (tWh),Gas production (tWh),Gas production per capita (kWh),Share of electricity consumption from hydro,Hydro electricity consumption per capita (kWh),Electricity consumption share from low carbon,Low carbon electricity generation (tWh),Low carbon electricity consumption (kWh),Share of electricity consumption from nuclear,Nuclear electricity consumption per capita (kWh),Oil energy consumption (tWh),Oil production (tWh),Oil production per capita (kWh),Other renewables consumption per capita (kWh),Share of consumption from other renewables,Electricity consumption per capita (kWh),Population,Primary energy consumption (tWh),Renewables consumption per capita (kWh),Share of consumption from renewables,Share of electricity consumption from solar,Solar consumption per capita (kWh),GDP,Share of electricity consumption from wind,Wind consumption per capita (kWh)
8252,1980,,,,,,,,,0.0,0.0,,,,,,,,,,,,,,,,,,,,,,,,,,,,,14796000.0,,,,,,170000000000.0,,
8253,1981,,,,,,,,0.0,0.0,0.0,,,,,,,,,,,,,,,,,,,,,,,,,,,,,14959000.0,,,,,,167000000000.0,,
8254,1982,,,,,,,,0.0,0.0,0.0,,,,,,,,,,,,,,,,,,,,,,,,,,,,,15128000.0,,,,,,165000000000.0,,
8255,1983,,,,,,,,0.0,0.0,0.0,,,,,,,,,,,,,,,,,,,,,,,,,,,,,15303000.0,,,,,,173000000000.0,,
8256,1984,,,,,,,,0.0,0.0,0.0,,,,,,,,,,,,,,,,,,,,,,,,,,,,,15483000.0,,,,,,172000000000.0,,
8257,1985,,,,,,,,0.0,0.0,0.0,443.499,666.06,42516.258,81.263,5.21,0.0,0.0,5.21,0.0,0.0,4.57,50752.855,90.234,46.738,2983.379,6.412,332.598,6.412,5.21,332.598,0.0,0.0,246.888,263.108,16794.842,0.0,0.0,5187.221,15666000.0,795.094,332.598,6.412,0.0,0.0,174000000000.0,0.0,0.0
8258,1986,5.046,33.613,3.152,2.78,7.315,2.302,18.3,0.0,0.0,0.0,465.968,699.672,44135.009,85.094,4.782,0.0,0.0,4.782,0.0,0.0,4.622,51308.539,109.256,49.89,3147.039,5.619,301.633,5.619,4.782,301.633,0.0,0.0,224.887,270.423,17058.159,0.0,0.0,5367.691,15853000.0,813.394,301.633,5.619,0.0,0.0,176000000000.0,0.0,0.0
8259,1987,3.3,23.088,4.172,3.306,8.941,2.234,18.174,0.0,0.0,0.0,484.157,722.76,45062.671,88.49,5.732,0.0,0.0,5.732,0.0,0.0,4.752,51846.64,114.134,54.062,3370.646,6.478,357.377,6.478,5.732,357.377,0.0,0.0,217.355,279.364,17417.766,0.0,0.0,5517.177,16039000.0,831.568,357.377,6.478,0.0,0.0,175000000000.0,0.0,0.0
8260,1988,0.312,2.257,7.05,3.741,10.45,3.624,30.137,0.0,0.0,0.0,505.022,725.017,44737.559,88.417,6.991,0.0,0.0,6.991,0.0,0.0,4.559,53171.983,119.011,61.112,3770.939,7.907,431.414,7.907,6.991,431.414,0.0,0.0,218.252,289.814,17883.103,0.0,0.0,5455.819,16206000.0,861.705,431.414,7.907,0.0,0.0,189000000000.0,0.0,0.0
8261,1989,-3.5,-25.372,-3.632,1.763,5.109,-1.569,-13.521,0.0,0.0,0.0,482.017,699.645,42852.001,89.657,7.292,0.102,0.0,7.292,0.0,0.0,4.512,51949.765,122.913,57.48,3520.532,8.133,446.623,8.247,7.394,452.848,0.113,6.226,222.715,294.922,18063.481,0.0,0.0,5491.333,16327000.0,848.184,446.623,8.133,0.0,0.0,188000000000.0,0.0,0.0
8262,1990,-5.129,-35.886,3.461,1.575,4.644,1.17,9.922,0.0,0.0,0.0,450.308,663.759,40512.61,87.379,7.366,0.0,0.0,7.366,0.0,0.0,4.613,52374.637,131.01,60.941,3719.514,8.43,449.585,8.43,7.366,449.585,0.0,0.0,256.328,299.567,18284.113,0.0,0.0,5333.191,16384000.0,858.106,449.585,8.43,0.0,0.0,186000000000.0,0.0,0.0
8263,1991,-0.942,-6.252,1.526,3.101,9.289,-0.104,-0.89,0.0,0.0,0.0,439.575,657.507,40157.985,85.99,7.2,0.539,0.0,7.2,0.0,0.0,4.736,52355.437,137.546,62.466,3815.195,8.373,439.748,9.0,7.739,472.679,0.627,32.93,258.597,308.856,18863.727,0.0,0.0,5251.939,16373000.0,857.216,439.748,8.373,0.0,0.0,181000000000.0,0.0,0.0
8264,1992,-3.044,-20.014,-3.88,-3.008,-9.289,-1.283,-10.998,0.0,0.0,0.0,442.82,637.493,39102.798,83.166,6.866,0.464,0.0,6.866,0.0,0.0,4.574,51905.656,141.448,58.587,3593.61,8.256,421.149,8.814,7.33,449.613,0.558,28.463,241.589,299.567,18374.956,0.0,0.0,5101.27,16303000.0,846.218,421.149,8.256,0.0,0.0,185000000000.0,0.0,0.0
8265,1993,-11.86,-75.608,-5.755,-10.853,-32.511,-11.753,-99.458,0.0,0.0,0.0,402.127,561.884,34724.951,77.889,7.629,0.446,0.0,7.629,0.0,0.0,5.491,46150.448,135.595,52.831,3265.013,9.795,471.479,10.368,8.075,499.064,0.573,27.585,186.608,267.056,16504.281,0.0,0.0,4813.609,16181000.0,746.76,471.479,9.795,0.0,0.0,136000000000.0,0.0,0.0
8266,1994,-6.626,-37.231,-20.163,-11.687,-31.211,-10.982,-82.006,0.0,0.0,0.0,393.373,524.654,32745.828,66.777,9.179,0.38,0.0,9.179,0.0,0.0,6.155,41490.077,98.526,32.669,2038.981,13.746,572.9,14.315,9.559,596.621,0.569,23.722,146.303,235.845,14720.077,0.0,0.0,4167.832,16022000.0,664.754,572.9,13.746,0.0,0.0,108000000000.0,0.0,0.0
8267,1995,-20.379,-106.92,8.455,1.58,3.727,-10.159,-67.535,0.0,0.0,0.0,317.691,417.734,26373.76,66.739,8.331,0.08,0.0,8.331,0.0,0.0,6.541,37705.581,113.158,41.123,2596.326,12.483,525.98,12.602,8.411,531.003,0.119,5.022,143.007,239.572,15125.465,0.0,0.0,4213.587,15839000.0,597.219,525.98,12.483,0.0,0.0,91309375488.0,0.0,0.0
8268,1996,-7.793,-32.556,-5.56,11.283,27.031,-12.949,-77.335,0.0,0.0,0.0,283.743,385.178,24640.381,58.747,7.331,0.088,0.0,7.331,0.0,0.0,5.846,33257.644,94.624,35.563,2275.004,12.479,468.974,12.629,7.419,474.628,0.15,5.654,120.907,266.603,17054.947,0.0,0.0,3758.124,15632000.0,519.883,468.974,12.479,0.0,0.0,88930811904.0,0.0,0.0
8269,1997,-5.021,-19.339,22.277,12.273,32.72,-11.827,-61.487,0.0,0.0,0.0,243.586,365.84,23746.579,52.0,6.499,0.301,0.0,6.499,0.0,0.0,5.486,29754.382,74.275,57.839,3754.342,12.498,421.849,13.076,6.8,441.355,0.578,19.507,121.648,299.323,19428.993,0.0,0.0,3375.308,15406000.0,458.396,421.849,12.498,0.0,0.0,83559899136.0,0.0,0.0
8270,1998,-3.636,-13.301,-7.031,0.644,1.927,-5.781,-26.499,0.0,0.0,0.0,239.855,352.538,23208.583,49.8,6.141,0.088,0.0,6.141,0.0,0.0,5.492,28433.013,73.631,50.808,3344.831,12.331,404.279,12.509,6.229,410.098,0.177,5.819,101.108,301.251,19832.161,0.0,0.0,3278.473,15190000.0,431.897,404.279,12.331,0.0,0.0,78648311808.0,0.0,0.0
8271,1999,-16.495,-58.152,16.744,16.134,48.604,-6.028,-26.035,0.0,0.0,0.0,222.084,294.387,19598.33,47.3,6.132,0.0,0.0,6.132,0.0,0.0,5.347,27019.655,83.366,67.552,4497.201,12.964,408.228,12.964,6.132,408.228,0.0,0.0,83.379,349.855,23291.037,0.0,0.0,3148.925,15021000.0,405.862,408.228,12.964,0.0,0.0,75909652480.0,0.0,0.0
8272,2000,28.142,82.846,17.202,17.212,60.215,-8.123,-32.97,0.0,0.0,0.0,207.464,377.232,25278.58,48.621,7.456,0.0,0.0,7.456,0.0,0.0,4.263,24987.749,52.294,84.754,5679.45,15.335,499.631,15.335,7.456,499.631,0.0,0.0,92.215,410.07,27479.055,0.0,0.0,3258.153,14923000.0,372.892,499.631,15.335,0.0,0.0,87470841856.0,0.0,0.0
8273,2001,5.569,21.007,1.711,13.518,55.431,12.569,46.869,0.0,0.0,0.0,259.348,398.239,26709.539,53.849,8.0,0.0,0.0,8.0,0.0,0.0,4.252,28153.011,45.94,86.465,5799.159,14.856,536.553,14.856,8.0,536.553,0.0,0.0,92.171,465.501,31220.753,0.0,0.0,3611.632,14910000.0,419.761,536.553,14.856,0.0,0.0,98712707072.0,0.0,0.0
8274,2002,-6.982,-27.807,5.784,17.909,83.368,2.363,9.917,0.0,0.0,0.0,262.751,370.433,24735.08,55.286,8.801,0.0,0.0,8.801,0.0,0.0,4.092,28691.124,48.385,92.25,6159.842,15.919,587.674,15.919,8.801,587.674,0.0,0.0,94.168,548.869,36649.925,0.0,0.0,3691.632,14976000.0,429.678,587.674,15.919,0.0,0.0,105000000000.0,0.0,0.0
8275,2003,14.748,54.632,18.945,8.837,48.503,10.147,43.601,0.0,0.0,0.0,290.113,425.065,28149.978,60.466,8.539,0.0,0.0,8.539,0.0,0.0,4.011,31343.003,56.938,111.195,7363.913,14.122,565.497,14.122,8.539,565.497,0.0,0.0,102.732,597.372,39561.086,0.0,0.0,4004.34,15100000.0,473.279,565.497,14.122,0.0,0.0,118000000000.0,0.0,0.0
8276,2004,2.51,10.67,19.852,15.653,93.505,6.068,28.718,0.0,0.0,0.0,309.252,435.734,28572.734,63.331,7.976,0.0,0.0,7.976,0.0,0.0,3.691,32917.829,62.915,131.047,8593.225,12.594,523.016,12.594,7.976,523.016,0.0,0.0,108.02,690.878,45303.468,0.0,0.0,4152.834,15250000.0,501.997,523.016,12.594,0.0,0.0,136000000000.0,0.0,0.0
8277,2005,-0.563,-2.453,14.838,3.347,23.127,5.027,25.236,0.0,0.0,0.0,312.672,433.281,28129.647,64.169,7.777,0.0,0.0,7.777,0.0,0.0,3.235,34229.225,82.983,145.884,9471.17,12.12,504.902,12.12,7.777,504.902,0.0,0.0,110.446,714.005,46354.926,0.0,0.0,4165.977,15403000.0,527.233,504.902,12.12,0.0,0.0,163000000000.0,0.0,0.0
8278,2006,11.196,48.51,6.427,5.809,41.48,5.71,30.105,0.0,0.0,0.0,329.564,481.791,30981.362,67.747,7.69,0.0,0.0,7.691,0.0,0.001,2.829,35839.324,87.97,152.311,9794.295,11.351,494.502,11.353,7.691,494.566,0.0,0.0,119.04,755.485,48581.107,0.0,0.0,4356.418,15551000.0,557.337,494.566,11.353,0.0,0.0,197000000000.0,0.001,0.064
8279,2007,1.871,9.014,5.614,3.251,24.558,11.413,63.611,0.0,0.0,0.0,362.145,490.806,31257.517,72.411,8.089,0.0,0.0,8.09,0.0,0.001,2.712,39545.835,106.426,157.925,10057.636,11.171,515.157,11.172,8.09,515.221,0.0,0.0,130.673,780.043,49677.955,0.0,0.0,4611.602,15702000.0,620.949,515.221,11.172,0.0,0.0,229000000000.0,0.001,0.064
8280,2008,13.604,66.77,24.985,5.279,41.181,5.484,34.053,0.0,0.0,0.0,392.951,557.576,35151.659,75.881,7.385,0.0,0.0,7.386,0.0,0.001,2.481,41293.786,105.807,182.91,11531.327,9.732,465.578,9.734,7.386,465.641,0.0,0.0,136.552,821.224,51773.027,0.0,0.0,4783.822,15862000.0,655.002,465.641,9.734,0.0,0.0,264000000000.0,0.001,0.063
8281,2009,-9.437,-52.618,7.181,8.154,66.965,-9.59,-62.813,0.0,0.0,0.0,359.793,504.957,31475.24,74.332,6.81,0.0,0.0,6.811,0.0,0.001,2.331,36912.592,101.397,190.09,11848.812,9.162,424.484,9.163,6.811,424.547,0.0,0.0,112.951,888.188,55362.982,0.0,0.0,4633.307,16043000.0,592.189,424.547,9.163,0.0,0.0,254000000000.0,0.001,0.062
8282,2010,9.396,47.444,14.212,4.175,37.084,7.808,46.236,0.0,0.0,0.0,388.256,552.401,33989.734,78.09,7.942,0.0,0.0,7.943,0.0,0.001,2.157,39282.84,110.243,204.303,12570.927,10.17,488.678,10.172,7.943,488.74,0.0,0.0,119.009,925.273,56932.844,0.0,0.0,4804.92,16252000.0,638.425,488.74,10.172,0.0,0.0,296000000000.0,0.001,0.062
8283,2011,4.744,26.206,-3.416,0.471,4.361,10.137,64.72,0.0,0.0,0.0,422.64,578.607,35086.245,81.786,7.804,0.0,0.0,7.805,0.0,0.001,1.953,42638.104,121.617,200.887,12181.616,9.542,473.228,9.543,7.805,473.288,0.0,0.0,138.458,929.633,56372.163,0.0,0.0,4959.422,16491000.0,703.145,473.288,9.543,0.0,0.0,360000000000.0,0.001,0.061
8284,2012,3.782,21.882,-2.57,-0.98,-9.111,3.637,25.575,0.0,0.0,0.0,440.266,600.489,35845.82,87.63,7.561,0.0,0.0,7.564,0.0,0.003,1.938,43500.497,129.528,198.317,11838.403,8.628,451.349,8.632,7.564,451.528,0.0,0.0,139.248,920.523,54950.009,0.0,0.0,5231.04,16752000.0,728.72,451.528,8.632,0.0,0.0,376000000000.0,0.003,0.179
8285,2013,-0.497,-2.983,15.498,3.821,35.169,1.234,8.994,0.0,0.0,0.0,435.881,597.507,35093.769,97.289,7.654,0.0,0.001,7.661,0.001,0.005,1.822,43328.703,135.623,213.815,12558.163,7.867,449.548,7.874,7.661,449.959,0.0,0.0,146.404,955.692,56131.325,0.059,0.001,5714.147,17026000.0,737.715,449.959,7.874,0.001,0.059,405000000000.0,0.005,0.294
8286,2014,-4.827,-28.842,2.992,-1.457,-13.924,1.477,10.899,0.0,0.0,0.0,430.717,568.665,32865.092,90.011,8.18,0.0,0.001,8.291,0.097,0.013,1.821,43264.962,149.776,216.808,12530.061,9.088,472.75,9.211,8.291,479.165,0.0,0.0,147.055,941.768,54428.0,0.058,0.001,5202.037,17303000.0,748.614,479.165,9.211,0.108,5.606,411000000000.0,0.014,0.751
8287,2015,-5.548,-31.549,2.919,-1.153,-10.858,-1.236,-9.256,0.0,0.0,0.0,398.2,537.116,30566.574,86.696,9.176,0.0,0.003,9.429,0.118,0.132,1.782,42075.914,153.346,219.727,12504.362,10.584,522.194,10.876,9.429,536.592,0.0,0.0,163.881,930.91,52976.901,0.171,0.003,4933.762,17572000.0,739.358,536.592,10.876,0.136,6.715,415000000000.0,0.152,7.512
8288,2016,-4.101,-22.028,9.765,-1.976,-18.394,1.588,11.743,0.0,0.0,0.0,394.174,515.087,28887.19,89.619,11.505,0.0,0.004,11.92,0.136,0.275,1.788,42123.318,158.061,229.492,12870.371,12.838,645.225,13.301,11.92,668.499,0.0,0.0,168.683,912.516,51175.834,0.224,0.004,5025.995,17831000.0,751.101,668.499,13.301,0.152,7.627,420000000000.0,0.307,15.423
8289,2017,9.003,46.375,4.588,10.676,97.42,5.664,42.545,0.0,0.0,0.0,422.916,561.462,31054.334,97.596,11.098,0.0,0.002,11.6,0.16,0.34,,43896.358,167.529,234.079,12946.87,11.371,613.827,11.886,11.6,641.593,0.0,0.0,174.038,1009.937,55859.333,0.111,0.002,5398.003,18080000.0,793.646,641.593,11.886,0.164,8.85,,0.348,18.805
8290,2018,5.471,30.717,5.047,4.87,49.189,10.336,82.028,0.0,0.0,0.0,473.552,592.179,32324.191,101.718,10.291,0.0,0.001,11.137,0.384,0.461,,47798.825,189.954,239.126,13052.74,10.117,561.739,10.949,11.137,607.918,0.0,0.0,185.014,1059.126,57812.535,0.055,0.001,5552.307,18320000.0,875.674,607.918,10.949,0.378,20.961,,0.453,25.164
8291,2019,-2.385,-14.121,-5.159,0.226,2.395,-1.669,-14.618,0.0,0.0,0.0,464.422,578.059,31160.51,101.552,9.843,0.0,0.001,10.629,0.236,0.549,,46415.639,179.029,233.967,12612.111,9.692,530.569,10.466,10.629,572.938,0.0,0.0,190.866,1061.521,57221.745,0.054,0.001,5474.204,18551000.0,861.057,572.938,10.466,0.232,12.722,,0.541,29.594
8292,2020,,,,,,,,,,,,,,103.597,9.403,0.0,0.003,11.425,1.077,0.941,,,,,,9.077,500.806,11.028,11.425,608.46,0.0,0.0,,,,0.154,0.003,5517.341,,,608.46,11.028,1.04,57.374,,0.909,50.126
