,Year,Coal production change (%),Coal production change (tWh),Gas production change (%),Oil production change (%),Oil production change (tWh),Energy consumption change (%),Energy consumption change (tWh),Biofuel consumption change (tWh),Biofuel consumption (tWh),Biofuel consumption per capita (kWh),Coal consumption (tWh),Coal production (tWh),Coal production per capita (kWh),Electricity generation (tWh),Hydro electricity generation (tWh),Nuclear electricity generation (tWh),Other renewable electricity (tWh),Renewables electricity generation (tWh),Solar electricity generation (tWh),Wind electricity generation (tWh),Energy consumption per GDP (kWh/$),Energy consumption per capita (kWh),Gas consumption (tWh),Gas production (tWh),Gas production per capita (kWh),Share of electricity consumption from hydro,Hydro electricity consumption per capita (kWh),Electricity consumption share from low carbon,Low carbon electricity generation (tWh),Low carbon electricity consumption (kWh),Share of electricity consumption from nuclear,Nuclear electricity consumption per capita (kWh),Oil energy consumption (tWh),Oil production (tWh),Oil production per capita (kWh),Other renewables consumption per capita (kWh),Share of consumption from other renewables,Electricity consumption per capita (kWh),Population,Primary energy consumption (tWh),Renewables consumption per capita (kWh),Share of consumption from renewables,Share of electricity consumption from solar,Solar consumption per capita (kWh),GDP,Share of electricity consumption from wind,Wind consumption per capita (kWh)
9691,1900,,,,,,,,,,,,0.0,,,,,,,,,,,,0.0,,,,,,,,,,0.0,,,,,,,,,,,,,
9692,1901,,0.0,0.0,,0.0,,,,,,,0.0,,,,,,,,,,,,0.0,,,,,,,,,,0.0,,,,,,,,,,,,,
9693,1902,,0.0,0.0,,0.0,,,,,,,0.0,,,,,,,,,,,,0.0,,,,,,,,,,0.0,,,,,,,,,,,,,
9694,1903,,0.0,0.0,,0.0,,,,,,,0.0,,,,,,,,,,,,0.0,,,,,,,,,,0.0,,,,,,,,,,,,,
9695,1904,,0.0,0.0,,0.0,,,,,,,0.0,,,,,,,,,,,,0.0,,,,,,,,,,0.0,,,,,,,,,,,,,
9696,1905,,0.0,0.0,,0.0,,,,,,,0.0,,,,,,,,,,,,0.0,,,,,,,,,,0.0,,,,,,,,,,,,,
9697,1906,,0.0,0.0,,0.012,,,,,,,0.0,,,,,,,,,,,,0.0,,,,,,,,,,0.012,,,,,,,,,,,,,
9698,1907,,0.0,0.0,-100.0,-0.012,,,,,,,0.0,,,,,,,,,,,,0.0,,,,,,,,,,0.0,,,,,,,,,,,,,
9699,1908,,0.0,0.0,,0.0,,,,,,,0.0,,,,,,,,,,,,0.0,,,,,,,,,,0.0,,,,,,,,,,,,,
9700,1909,,0.0,0.0,,0.0,,,,,,,0.0,,,,,,,,,,,,0.0,,,,,,,,,,0.0,,,,,,,,,,,,,
9701,1910,,0.0,0.0,,0.0,,,,,,,0.0,,,,,,,,,,,,0.0,,,,,,,,,,0.0,,,,,,,,,,,,,
9702,1911,,0.0,0.0,,0.512,,,,,,,0.0,,,,,,,,,,,,0.0,,,,,,,,,,0.512,,,,,,,,,,,,,
9703,1912,,0.0,0.0,86.364,0.442,,,,,,,0.0,,,,,,,,,,,,0.0,,,,,,,,,,0.954,,,,,,,,,,,,,
9704,1913,,0.0,0.0,239.024,2.279,,,,,,,0.0,,,,,,,,,,,,0.0,,,,,,,,,,3.233,,,,,,,,,,,,,
9705,1914,,0.0,0.0,37.41,1.21,,,,,,,0.0,,,,,,,,,,,,0.0,,,,,,,,,,4.443,,,,,,,,,,,,,
9706,1915,,0.0,0.0,19.634,0.872,,,,,,,0.0,,,,,,,,,,,,0.0,,,,,,,,,,5.315,,,,,,,,,,,,,
9707,1916,,0.0,0.0,43.107,2.291,,,,,,,0.0,,,,,,,,,,,,0.0,,,,,,,,,,7.606,,,,,,,,,,,,,
9708,1917,,0.0,0.0,39.45,3.001,,,,,,,0.0,,,,,,,,,,,,0.0,,,,,,,,,,10.607,,,,,,,,,,,,,
9709,1918,,0.0,0.0,23.246,2.466,,,,,,,0.0,,,,,,,,,,,,0.0,,,,,,,,,,13.072,,,,,,,,,,,,,
9710,1919,,0.0,0.0,25.267,3.303,,,,,,,0.0,,,,,,,,,,,,0.0,,,,,,,,,,16.375,,,,,,,,,,,,,
9711,1920,,0.0,0.0,25.852,4.233,,,,,,,0.0,,,,,,,,,,,,0.0,,,,,,,,,,20.608,,,,,,,,,,,,,
9712,1921,,0.0,0.0,33.465,6.897,,,,,,,0.0,,,,,,,,,,,,0.0,,,,,,,,,,27.505,,,,,,,,,,,,,
9713,1922,,0.0,0.0,27.146,7.466,,,,,,,0.0,,,,,,,,,,,,0.0,,,,,,,,,,34.971,,,,,,,,,,,,,
9714,1923,,0.0,0.0,25.507,8.92,,,,,,,0.0,,,,,,,,,,,,0.0,,,,,,,,,,43.892,,,,,,,,,,,,,
9715,1924,,0.0,0.0,16.667,7.315,,,,,,,0.0,,,,,,,,,,,,0.0,,,,,,,,,,51.207,,,,,,,,,,,,,
9716,1925,,0.0,0.0,5.133,2.628,,,,,,,0.0,,,,,,,,,,,,0.0,,,,,,,,,,53.835,,,,,,,,,,,,,
9717,1926,,0.0,0.0,6.049,3.256,,,,,,,0.0,,,,,,,,,,,,0.0,,,,,,,,,,57.092,,,,,,,,,,,,,
9718,1927,,0.0,0.0,11.815,6.745,,,,,,,0.0,,,,,,,,,,,,0.0,,,,,,,,,,63.837,,,,,,,,,,,,,
9719,1928,,0.0,0.0,6.704,4.28,,,,,,,0.0,,,,,,,,,,,,0.0,,,,,,,,,,68.117,,,,,,,,,,,,,
9720,1929,,0.0,0.0,-3.193,-2.175,,,,,,,0.0,,,,,,,,,,,,0.0,,,,,,,,,,65.942,,,,,,,,,,,,,
9721,1930,,0.0,0.0,8.571,5.652,,,,,,,0.0,,,,,,,,,,,,0.0,,,,,,,,,,71.594,,,,,,,,,,,,,
9722,1931,,0.0,0.0,-3.135,-2.245,,,,,,,0.0,,,,,,,,,,,,0.0,,,,,,,,,,69.35,,,,,,,,,,,,,
9723,1932,,0.0,0.0,11.873,8.234,,,,,,,0.0,,,,,,,,,,,,0.0,,,,,,,,,,77.584,,,,,,,,,,,,,
9724,1933,,0.0,0.0,9.714,7.536,,,,,,,0.0,,,,,,,,,,,,0.0,,,,,,,,,,85.12,,,,,,,,,,,,,
9725,1934,,0.0,0.0,17.926,15.259,,,,,,,0.0,,,,,,,,,,,,0.0,,,,,,,,,,100.379,,,,,,,,,,,,,
9726,1935,,0.0,0.0,31.375,31.494,,,,,,,0.0,,,,,,,,,,,,0.0,,,,,,,,,,131.873,,,,,,,,,,,,,
9727,1936,,0.0,0.0,13.423,17.701,,,,,,,0.0,,,,,,,,,,,,0.0,,,,,,,,,,149.574,,,,,,,,,,,,,
9728,1937,,0.0,0.0,20.613,30.831,,,,,,,0.0,,,,,,,,,,,,0.0,,,,,,,,,,180.405,,,,,,,,,,,,,
9729,1938,,0.0,0.0,1.193,2.152,,,,,,,0.0,,,,,,,,,,,,0.0,,,,,,,,,,182.556,,,,,,,,,,,,,
9730,1939,,0.611,0.0,-2.708,-4.943,,,,,,,0.611,,,,,,,,,,,,0.0,,,,,,,,,,177.614,,,,,,,,,,,,,
9731,1940,22.667,0.138,0.0,-15.355,-27.272,,,,,,,0.749,,,,,,,,,,,,0.0,,,,,,,,,,150.341,,,,,,,,,,,,,
9732,1941,-2.174,-0.016,0.0,-24.29,-36.518,,,,,,,0.733,,,,,,,,,,,,0.0,,,,,,,,,,113.823,,,,,,,,,,,,,
9733,1942,-8.889,-0.065,0.0,39.113,44.52,,,,,,,0.668,,,,,,,,,,,,0.0,,,,,,,,,,158.343,,,,,,,,,,,,,
9734,1943,-15.854,-0.106,0.0,10.048,15.91,,,,,,,0.562,,,,,,,,,,,,0.0,,,,,,,,,,174.252,,,,,,,,,,,,,
9735,1944,44.928,0.252,0.0,31.028,54.068,,,,,,,0.814,,,,,,,,,,,,0.0,,,,,,,,,,228.32,,,,,,,,,,,,,
9736,1945,50.0,0.407,0.0,30.338,69.268,,,,,,,1.221,,,,,,,,,,,,0.0,,,,,,,,,,297.589,,,,,,,,,,,,,
9737,1946,0.0,0.0,0.0,33.942,101.007,,,,,,,1.221,,,,,,,,,,,,0.0,,,,,,,,,,398.595,,,,,,,,,,,,,
9738,1947,25.333,0.309,0.0,19.651,78.328,,,,,,,1.531,,,,,,,,,,,,0.0,,,,,,,,,,476.923,,,,,,,,,,,,,
9739,1948,-20.213,-0.309,0.0,35.744,170.473,,,,,,,1.221,,,,,,,,,,,,0.0,,,,,,,,,,647.396,,,,,,,,,,,,,
9740,1949,13.333,0.163,0.0,23.097,149.527,,,,,,,1.384,,,,,,,,,,,,0.0,,,,,,,,,,796.923,,,,,,,,,,,,,
9741,1950,17.647,0.244,0.0,25.25,201.222,,,,,,,1.628,,,,,,,,,,,,0.0,,,,,,,,,,998.146,,,,,,,,,,,,,
9742,1951,0.0,0.0,0.0,10.096,100.774,,,,,,,1.628,,,,,,,,,,,,0.0,,,,,,,,,,1098.92,,,,,,,,,,,,,
9743,1952,-15.0,-0.244,0.0,8.352,91.784,,,,,,,1.384,,,,,,,,,,,,0.0,,,,,,,,,,1190.704,,,,,,,,,,,,,
9744,1953,-8.824,-0.122,0.0,16.502,196.489,,,,,,,1.262,,,,,,,,,,,,0.0,,,,,,,,,,1387.193,,,,,,,,,,,,,
9745,1954,-85.806,-1.083,0.0,13.353,185.231,,,,,,,0.179,,,,,,,,,,,,0.0,,,,,,,,,,1572.424,,,,,,,,,,,,,
9746,1955,1013.637,1.815,7.631,17.883,281.202,,,,,,,1.995,,,,,,,,,,,,7.631,,,,,,,,,,1853.626,,,,,,,,,,,,,
9747,1956,-22.449,-0.448,2.038,6.509,120.65,,,,,,,1.547,,,,,,,,,,,,9.668,,,,,,,,,,1974.275,,,,,,,,,,,,,
9748,1957,-7.368,-0.114,2.366,3.003,59.278,,,,,,,1.433,,,,,,,,,,,,12.034,,,,,,,,,,2033.554,,,,,,,,,,,,,
9749,1958,4.545,0.065,-0.407,20.542,417.727,,,,,,,1.498,,,,,,,,,,,,11.627,,,,,,,,,,2451.28,,,,,,,,,,,,,
9750,1959,28.804,0.431,3.425,7.783,190.79,,,,,,,1.929,,,,,,,,,,,,15.052,,,,,,,,,,2642.071,,,,,,,,,,,,,
9751,1960,-2.954,-0.057,15.083,14.844,392.187,,,,,,,1.872,,,,,,,,,,,,30.135,,,,,,,,,,3034.258,,,,,,,,,,,,,
9752,1961,-13.913,-0.261,2.352,7.087,215.039,,,,,,,1.612,,,,,,,,,,,,32.486,,,,,,,,,,3249.297,,,,,,,,,,,,,
9753,1962,3.535,0.057,6.317,9.755,316.953,,,,,,,1.669,,,,,,,,,,,,38.803,,,,,,,,,,3566.249,,,,,,,,,,,,,
9754,1963,11.22,0.187,7.054,10.25,365.554,,,,,,,1.856,,,,,,,,,,,,45.858,,,,,,,,,,3931.804,,,,,,,,,,,,,
9755,1964,20.175,0.374,11.686,11.952,469.911,,,,,,,2.231,,,,,,,,,,,,57.544,,,,,,,,,,4401.714,,,,,,,,,,,,,
9756,1965,0.0,,,10.445,459.756,,,,,,2.53,,,,,,,,,,,,37.872,,,,,,,,,,512.904,4861.471,,,,,,559.822,,,,,,,
9757,1966,0.0,,,11.585,563.206,4.219,23.619,,,,2.771,,,,,,,,,,,,46.177,,,,,,,,,,527.421,5424.677,,,,,,583.441,,,,,,,
9758,1967,0.0,,,6.975,378.364,4.572,26.673,,,,3.053,,,,,,,,,,,,54.859,,,,,,,,,,544.344,5803.041,,,,,,610.114,,,,,,,
9759,1968,0.0,,,12.526,726.862,5.815,35.475,,,,3.357,,,,,,,,,,,,71.136,,,,,,,,,,562.537,6529.903,,,,,,645.589,,,,,,,
9760,1969,0.0,,,10.014,653.918,5.169,33.37,,,,3.702,,,,,,,,,,,,85.006,,,,,,,,,,580.817,7183.821,,,,,,678.959,,,,,,,
9761,1970,0.0,,,12.055,865.997,5.38,36.527,,,,4.072,,,,,,,,,,,,94.029,103.394,,,,,,,,,607.44,8049.819,,,,,,715.485,,,,,,,
9762,1971,0.0,,58.173,17.1,1376.53,5.893,42.164,,,,2.899,,,,,,,,,,,,105.189,161.567,,,,,,,,,639.132,9426.349,,,,,,757.649,,,,,,,
9763,1972,0.0,,38.468,11.3,1065.15,8.783,66.545,,,,4.464,,,,,,,,,,,,118.744,200.035,,,,,,,,,688.294,10491.499,,,,,,824.194,,,,,,,
9764,1973,0.0,,28.722,17.165,1800.873,9.563,78.817,,,,7.542,,,,,,,,,,,,143.798,228.757,,,,,,,,,741.253,12292.372,,,,,,903.011,,,,,,,
9765,1974,0.0,,11.083,3.077,378.251,6.504,58.736,,,,8.194,,,,,,,,,,,,151.488,239.84,,,,,,,,,788.687,12670.623,,,,,,961.747,,,,,,,
9766,1975,0.0,,24.156,-10.311,-1306.523,-0.201,-1.931,,,,15.095,,,,,,,,,,,,170.424,263.996,,,,,,,,,759.183,11364.099,,,,,,959.815,,,,,,,
9767,1976,0.0,,10.307,13.742,1561.602,13.152,126.231,,,,14.882,,,,,,,,,,,,183.559,274.302,,,,,,,,,870.035,12925.702,,,,,,1086.046,,,,,,,
9768,1977,0.0,,36.627,0.441,56.984,13.699,148.778,,,,15.055,,,,,,,,,,,,214.055,310.929,,,,,,,,,985.997,12982.686,,,,,,1234.824,,,,,,,
9769,1978,0.0,,-10.227,-4.787,-621.454,4.846,59.838,,,,9.252,,,,,,,,,,,,233.88,300.703,,,,,,,,,1024.272,12361.232,,,,,,1294.662,,,,,,,
9770,1979,0.0,,67.216,2.302,284.592,17.429,225.651,,,,13.287,,,,,,,,,,,,316.77,367.918,,,,,,,,,1163.545,12645.824,,,,,,1520.312,,,,,,,
9771,1980,0.0,,-25.548,-14.241,-1800.935,-3.232,-49.139,,,,14.0,,,,,,,,,,,,317.021,342.371,,,,,,,,,1113.256,10844.89,,,,,,1471.173,,,,,,,
9772,1981,189.544,,26.923,-14.619,-1585.401,8.943,131.572,,,,11.742,6.459,,,,,,,,,,,343.456,369.293,,,,,,,,,1219.175,9259.489,,,,,,1602.745,,,,,,,
9773,1982,12.403,0.801,43.745,-17.281,-1600.134,10.76,172.461,,,,22.222,7.26,,,,,,,,,,,383.982,413.038,,,,,,,,,1339.542,7659.355,,,,,,1775.206,,,,,,,
9774,1983,0.0,0.0,3.301,-12.343,-945.356,9.395,166.774,,,,27.009,7.26,,,,,,,,,,,392.841,416.34,,,,,,,,,1493.739,6713.999,,,,,,1941.98,,,,,,,
9775,1984,2.266,0.165,115.63,-5.0,-335.69,12.982,252.101,,,,31.157,7.424,,,,,,,,,,,504.473,531.969,,,,,,,,,1629.636,6378.309,,,,,,2194.081,,,,,,,
9776,1985,6.551,0.486,42.747,-6.409,-408.758,6.336,139.018,,,,32.741,7.911,,179.561,10.438,0.0,0.0,10.438,0.0,0.0,,,544.393,574.716,,5.813,,5.813,10.438,,0.0,,1726.971,5969.551,,,0.0,,,2333.099,,5.813,0.0,,,0.0,
9777,1986,-4.069,-0.322,112.9,22.633,1351.063,4.462,104.11,,,,34.936,7.589,,193.408,11.079,0.0,0.0,11.079,0.0,0.0,,,659.048,687.617,,5.728,,5.728,11.079,,0.0,,1712.45,7320.614,,,0.0,,,2437.21,,5.728,0.0,,,0.0,
9778,1987,2.074,0.157,63.041,-0.497,-36.42,6.988,170.315,,,,36.302,7.746,,210.967,13.915,0.0,0.0,13.915,0.0,0.0,,,722.675,750.658,,6.596,,6.596,13.915,,0.0,,1809.896,7284.194,,,0.0,,,2607.525,,6.596,0.0,,,0.0,
9779,1988,6.279,0.486,84.39,17.172,1250.842,6.234,162.546,,,,35.591,8.232,,225.059,14.299,0.0,0.0,14.299,0.0,0.0,,,804.043,835.049,,6.353,,6.353,14.299,,0.0,,1890.717,8535.036,,,0.0,,,2770.071,,6.353,0.0,,,0.0,
9780,1989,-25.456,-2.096,102.205,7.083,604.568,5.396,149.481,,,,34.555,6.137,,239.058,12.624,0.0,0.0,12.624,0.0,0.0,,,906.928,937.254,,5.281,,5.281,12.624,,0.0,,1943.003,9139.604,,,0.0,,,2919.551,,5.281,0.0,,,0.0,
9781,1990,1.339,0.082,69.96,6.385,583.564,3.327,97.132,,,,35.826,6.219,,253.661,15.273,0.0,0.0,15.274,0.0,0.001,,,956.813,1007.213,,6.021,,6.022,15.274,,0.0,,1981.615,9723.168,,,0.0,,,3016.683,,6.022,0.0,,,0.0,
9782,1991,3.077,0.191,54.107,-1.622,-157.705,4.439,133.906,,,,41.656,6.41,,244.232,11.009,0.0,0.0,11.01,0.0,0.001,,,1001.004,1061.321,,4.508,,4.508,11.01,,0.0,,2077.345,9565.463,,,0.0,,,3150.589,,4.508,0.0,,,0.0,
9783,1992,-19.954,-1.279,71.557,10.83,1035.914,9.07,285.772,,,,47.139,5.131,,279.987,17.827,0.0,0.0,17.828,0.0,0.001,,,1144.026,1132.878,,6.367,,6.367,17.828,,0.0,,2195.674,10601.377,,,0.0,,,3436.362,,6.367,0.0,,,0.0,
9784,1993,64.4,3.304,-82.469,3.825,405.5,2.985,102.577,,,,55.138,8.436,,312.283,20.047,0.0,0.0,20.048,0.0,0.001,,,1071.748,1050.409,,6.419,,6.42,20.048,,0.0,,2356.365,11006.877,,,0.0,,,3538.939,,6.42,0.0,,,0.0,
9785,1994,-2.039,-0.172,170.725,2.242,246.765,11.601,410.553,,,,57.689,8.264,,332.831,16.55,0.0,0.0,16.551,0.0,0.001,,,1239.864,1221.134,,4.972,,4.973,16.551,,0.0,,2605.964,11253.642,,,0.0,,,3949.492,,4.973,0.0,,,0.0,
9786,1995,-1.547,-0.128,164.195,0.634,71.395,3.487,137.738,,,,61.44,8.136,,347.342,18.653,0.0,0.0,18.654,0.0,0.001,,,1363.454,1385.329,,5.37,,5.37,18.654,,0.0,,2610.52,11325.037,,,0.0,,,4087.23,,5.37,0.0,,,0.0,
9787,1996,-6.117,-0.498,106.091,1.972,223.351,3.208,131.107,,,,72.346,7.638,,364.802,18.698,0.0,0.0,18.699,0.0,0.001,,,1421.725,1491.42,,5.126,,5.126,18.699,,0.0,,2672.323,11548.388,,,0.0,,,4218.337,,5.126,0.0,,,0.0,
9788,1997,-3.577,-0.273,114.192,3.102,358.218,4.755,200.584,,,,77.744,7.365,,389.534,15.927,0.0,0.0,15.93,0.0,0.003,,,1502.864,1605.612,,4.089,,4.09,15.93,,0.0,,2794.063,11906.606,,,0.0,,,4418.921,,4.09,0.0,,,0.001,
9789,1998,24.656,1.816,119.005,7.168,853.422,1.654,73.09,,,,84.525,9.181,,419.827,17.211,0.0,0.0,17.214,0.0,0.003,,,1621.996,1724.616,,4.099,,4.1,17.214,,0.0,,2737.674,12760.028,,,0.0,,,4492.01,,4.1,0.0,,,0.001,
9790,1999,-14.589,-1.339,144.121,-3.67,-468.308,1.787,80.288,,,,82.578,7.842,,440.239,11.801,0.0,0.0,11.839,0.0,0.038,,,1730.273,1868.737,,2.681,,2.689,11.839,,0.0,,2726.561,12291.72,,,0.0,,,4572.298,,2.689,0.0,,,0.009,
9791,2000,8.761,0.687,171.927,6.64,816.151,5.056,231.166,,,,89.484,8.529,,470.702,10.722,0.0,0.003,10.765,0.0,0.04,,,1832.948,2040.665,,2.278,,2.287,10.765,,0.0,,2851.13,13107.872,,,0.001,,,4803.464,,2.287,0.0,,,0.008,
9792,2001,-2.613,-0.223,182.243,-1.961,-256.997,4.871,233.987,,,,100.716,8.306,,501.217,11.618,0.0,0.005,11.669,0.0,0.047,,,1948.444,2222.908,,2.318,,2.328,11.669,,0.0,,2956.086,12850.874,,,0.001,,,5037.451,,2.328,0.0,,,0.009,
9793,2002,-6.64,-0.551,222.159,-7.954,-1022.221,5.508,277.481,,,,105.658,7.754,,538.488,16.824,0.0,0.005,16.873,0.0,0.044,,,2146.134,2445.067,,3.124,,3.133,16.873,,0.0,,3016.705,11828.654,,,0.001,,,5314.932,,3.133,0.0,,,0.008,
9794,2003,10.018,0.777,128.916,8.906,1053.441,4.388,233.233,,,,110.286,8.531,,566.225,18.485,0.0,0.006,18.533,0.0,0.043,,,2253.47,2573.983,,3.265,,3.273,18.533,,0.0,,3133.742,12882.095,,,0.001,,,5548.164,,3.273,0.0,,,0.008,
9795,2004,6.81,0.581,282.568,7.278,937.501,7.761,430.569,,,,112.07,9.112,,600.226,23.082,0.0,0.006,23.15,0.0,0.061,,,2482.269,2856.551,,3.846,,3.857,23.15,,0.0,,3321.548,13819.596,,,0.001,,,5978.734,,3.857,0.0,,,0.01,
9796,2005,25.971,2.366,242.478,2.712,374.847,6.87,410.72,,,,114.049,11.478,,647.969,23.918,0.0,0.005,24.009,0.0,0.086,,,2662.96,3099.029,,3.691,,3.705,24.009,,0.0,,3547.67,14194.442,,,0.001,,,6389.454,,3.705,0.0,,,0.013,
9797,2006,6.083,0.698,217.364,1.21,171.785,5.095,325.549,,,,113.908,12.177,,686.572,28.254,0.0,0.006,28.4,0.0,0.139,,,2818.766,3316.393,,4.115,,4.136,28.4,,0.0,,3706.311,14366.228,,,0.001,,,6715.003,,4.136,0.0,,,0.02,
9798,2007,0.669,0.081,310.384,-1.541,-221.389,5.645,379.039,,,,115.397,12.258,,737.305,26.706,0.0,0.01,26.871,0.0,0.155,,,3059.788,3626.777,,3.622,,3.644,26.871,,0.0,,3847.387,14144.839,,,0.001,,,7094.042,,3.644,0.0,,,0.021,
9799,2008,-4.389,-0.538,296.642,4.389,620.85,7.216,511.894,,,,112.227,11.72,,762.775,13.69,0.0,0.016,13.92,0.004,0.21,,,3370.905,3923.419,,1.795,,1.825,13.92,,0.0,,4085.958,14765.689,,,0.002,,,7605.936,,1.825,0.0,,,0.028,
9800,2009,-26.612,-3.119,214.345,-7.091,-1046.996,3.052,232.151,,,,111.468,8.601,,807.896,12.116,0.0,0.051,12.442,0.034,0.24,,,3472.735,4137.764,,1.5,,1.54,12.442,,0.0,,4221.137,13718.693,,,0.006,,,7838.087,,1.54,0.004,,,0.03,
9801,2010,-5.353,-0.46,608.665,2.423,332.432,5.381,421.789,,,,116.807,8.141,,873.681,17.39,0.0,0.08,17.79,0.098,0.222,,,3800.808,4746.429,,1.99,,2.036,17.79,,0.0,,4295.754,14051.125,,,0.009,,,8259.875,,2.036,0.011,,,0.025,
9802,2011,6.43,0.523,453.291,9.11,1280.055,3.794,313.4,,,,119.339,8.664,,889.722,18.256,0.111,0.218,18.926,0.226,0.226,,,3980.903,5199.72,,2.052,,2.14,19.037,,0.012,,4423.559,15331.18,,,0.024,,,8573.275,,2.127,0.025,,,0.025,
9803,2012,-10.088,-0.874,254.882,1.768,271.123,4.076,349.435,,,,138.676,7.79,,948.18,21.407,1.478,0.219,22.272,0.429,0.217,,,4108.059,5454.602,,2.258,,2.505,23.75,,0.156,,4614.667,15602.303,,,0.023,,,8922.71,,2.349,0.045,,,0.023,
9804,2013,7.412,0.577,173.984,-1.278,-199.413,2.936,261.927,,,,130.078,8.368,,981.972,23.51,4.322,0.183,24.609,0.688,0.228,,,4232.952,5628.586,,2.394,,2.946,28.931,,0.44,,4747.436,15402.89,,,0.019,,,9184.636,,2.506,0.07,,,0.023,
9805,2014,-2.898,-0.242,198.335,0.931,143.404,2.985,274.185,,,,130.536,8.125,,1050.908,19.943,4.14,0.233,21.697,1.303,0.217,,,4474.761,5826.922,,1.898,,2.459,25.837,,0.394,,4787.665,15546.294,,,0.022,,,9458.821,,2.065,0.124,,,0.021,
9806,2015,11.865,0.964,175.099,5.441,845.891,2.912,275.467,,,,122.03,9.089,,1109.043,16.767,3.547,0.209,19.232,1.872,0.383,,,4782.54,6002.02,,1.512,,2.054,22.779,,0.32,,4771.977,16392.185,,,0.019,,,9734.288,,1.734,0.169,,,0.035,
9807,2016,10.187,0.926,236.697,6.235,1021.982,3.372,328.267,,,,112.487,10.015,,1143.585,20.163,6.474,0.261,24.306,3.171,0.711,,,5007.486,6238.717,,1.763,,2.692,30.78,,0.566,,4865.072,17414.166,,,0.023,,,10062.555,,2.125,0.277,,,0.062,
9808,2017,13.589,1.361,226.608,-1.365,-237.64,1.678,168.806,,,,110.918,11.376,,1197.021,20.781,6.958,0.264,26.27,4.394,0.83,,,5221.543,6465.325,,1.736,,2.776,33.228,,0.581,,4815.735,17176.527,,,0.022,,,10231.361,,2.195,0.367,,,0.069,
9809,2018,-26.929,-3.063,341.63,0.998,171.347,2.098,214.686,,,,107.056,8.312,,1224.13,14.506,6.885,0.256,21.997,6.102,1.132,,,5458.136,6806.956,,1.185,,2.359,28.882,,0.562,,4809.006,17347.874,,,0.021,,,10446.047,,1.797,0.499,,,0.092,
9810,2019,0.0,0.0,146.284,-5.13,-889.942,3.115,325.387,,,,110.954,8.312,,1264.655,33.297,6.411,0.256,46.631,11.922,1.156,,,5583.534,6953.24,,2.633,,4.194,53.042,,0.507,,4945.536,16457.931,,,0.02,,,10771.434,,3.687,0.943,,,0.091,
