,Year,Coal production change (%),Coal production change (tWh),Gas production change (%),Oil production change (%),Oil production change (tWh),Energy consumption change (%),Energy consumption change (tWh),Biofuel consumption change (tWh),Biofuel consumption (tWh),Biofuel consumption per capita (kWh),Coal consumption (tWh),Coal production (tWh),Coal production per capita (kWh),Electricity generation (tWh),Hydro electricity generation (tWh),Nuclear electricity generation (tWh),Other renewable electricity (tWh),Renewables electricity generation (tWh),Solar electricity generation (tWh),Wind electricity generation (tWh),Energy consumption per GDP (kWh/$),Energy consumption per capita (kWh),Gas consumption (tWh),Gas production (tWh),Gas production per capita (kWh),Share of electricity consumption from hydro,Hydro electricity consumption per capita (kWh),Electricity consumption share from low carbon,Low carbon electricity generation (tWh),Low carbon electricity consumption (kWh),Share of electricity consumption from nuclear,Nuclear electricity consumption per capita (kWh),Oil energy consumption (tWh),Oil production (tWh),Oil production per capita (kWh),Other renewables consumption per capita (kWh),Share of consumption from other renewables,Electricity consumption per capita (kWh),Population,Primary energy consumption (tWh),Renewables consumption per capita (kWh),Share of consumption from renewables,Share of electricity consumption from solar,Solar consumption per capita (kWh),GDP,Share of electricity consumption from wind,Wind consumption per capita (kWh)
10140,1900,,,,,,,,,,,,0.0,0.0,,,,,,,,,,,,,,,,,,,,,,,,,,4037289.0,,,,,,,,
10141,1901,,0.0,,,,,,,,,,0.0,0.0,,,,,,,,,,,,,,,,,,,,,,,,,,4069342.0,,,,,,,,
10142,1902,,0.0,,,,,,,,,,0.0,0.0,,,,,,,,,,,,,,,,,,,,,,,,,,4101137.0,,,,,,,,
10143,1903,,0.0,,,,,,,,,,0.0,0.0,,,,,,,,,,,,,,,,,,,,,,,,,,4133693.0,,,,,,,,
10144,1904,,0.0,,,,,,,,,,0.0,0.0,,,,,,,,,,,,,,,,,,,,,,,,,,4166504.0,,,,,,,,
10145,1905,,0.0,,,,,,,,,,0.0,0.0,,,,,,,,,,,,,,,,,,,,,,,,,,4199574.0,,,,,,,,
10146,1906,,0.0,,,,,,,,,,0.0,0.0,,,,,,,,,,,,,,,,,,,,,,,,,,4232904.0,,,,,,,,
10147,1907,,0.0,,,,,,,,,,0.0,0.0,,,,,,,,,,,,,,,,,,,,,,,,,,4265754.0,,,,,,,,
10148,1908,,0.0,,,,,,,,,,0.0,0.0,,,,,,,,,,,,,,,,,,,,,,,,,,4299604.0,,,,,,,,
10149,1909,,0.0,,,,,,,,,,0.0,0.0,,,,,,,,,,,,,,,,,,,,,,,,,,4333721.0,,,,,,,,
10150,1910,,0.0,,,,,,,,,,0.0,0.0,,,,,,,,,,,,,,,,,,,,,,,,,,4368107.0,,,,,,,,
10151,1911,,0.0,,,,,,,,,,0.0,0.0,,,,,,,,,,,,,,,,,,,,,,,,,,4402543.0,,,,,,,,
10152,1912,,0.0,,,,,,,,,,0.0,0.0,,,,,,,,,,,,,,,,,,,,,,,,,,4437470.0,,,,,,,,
10153,1913,,0.0,,,,,,,,,,0.0,0.0,,,,,,,,,,,,,,,,,,,,,,,,,,4472671.0,,,,,,,,
10154,1914,,0.0,,,,,,,,,,0.0,0.0,,,,,,,,,,,,,,,,,,,,,,,,,,4508149.0,,,,,,,,
10155,1915,,0.0,,,,,,,,,,0.0,0.0,,,,,,,,,,,,,,,,,,,,,,,,,,4543906.0,,,,,,,,
10156,1916,,0.0,,,,,,,,,,0.0,0.0,,,,,,,,,,,,,,,,,,,,,,,,,,4579944.0,,,,,,,,
10157,1917,,0.0,,,,,,,,,,0.0,0.0,,,,,,,,,,,,,,,,,,,,,,,,,,4616266.0,,,,,,,,
10158,1918,,0.0,,,,,,,,,,0.0,0.0,,,,,,,,,,,,,,,,,,,,,,,,,,4657456.0,,,,,,,,
10159,1919,,0.0,,,,,,,,,,0.0,0.0,,,,,,,,,,,,,,,,,,,,,,,,,,4697857.0,,,,,,,,
10160,1920,,0.0,,,,,,,,,,0.0,0.0,,,,,,,,,,,,,,,,,,,,,,,,,,4738609.0,,,,,,,,
10161,1921,,0.0,,,,,,,,,,0.0,0.0,,,,,,,,,,,,,,,,,,,,,,,,,,4779714.0,,,,,,,,
10162,1922,,0.0,,,,,,,,,,0.0,0.0,,,,,,,,,,,,,,,,,,,,,,,,,,4821176.0,,,,,,,,
10163,1923,,0.0,,,,,,,,,,0.0,0.0,,,,,,,,,,,,,,,,,,,,,,,,,,4862997.0,,,,,,,,
10164,1924,,0.0,,,,,,,,,,0.0,0.0,,,,,,,,,,,,,,,,,,,,,,,,,,4905182.0,,,,,,,,
10165,1925,,0.0,,,,,,,,,,0.0,0.0,,,,,,,,,,,,,,,,,,,,,,,,,,4947732.0,,,,,,,,
10166,1926,,0.0,,,,,,,,,,0.0,0.0,,,,,,,,,,,,,,,,,,,,,,,,,,4990651.0,,,,,,,,
10167,1927,,0.13,,,,,,,,,,0.13,25.876,,,,,,,,,,,,,,,,,,,,,,,,,,5033943.0,,,,,,,,
10168,1928,-62.5,-0.081,,,,,,,,,,0.049,9.62,,,,,,,,,,,,,,,,,,,,,,,,,,5077610.0,,,,,,,,
10169,1929,-100.0,-0.049,,,,,,,,,,0.0,0.0,,,,,,,,,,,,,,,,,,,,,,,,,,5121656.0,,,,,,,,
10170,1930,,0.0,,,,,,,,,,0.0,0.0,,,,,,,,,,,,,,,,,,,,,,,,,,5166084.0,,,,,,,,
10171,1931,,0.0,,,,,,,,,,0.0,0.0,,,,,,,,,,,,,,,,,,,,,,,,,,5210898.0,,,,,,,,
10172,1932,,0.155,,,,,,,,,,0.155,29.428,,,,,,,,,,,,,,,,,,,,,,,,,,5256100.0,,,,,,,,
10173,1933,-15.789,-0.024,,,,,,,,,,0.13,24.569,,,,,,,,,,,,,,,,,,,,,,,,,,5301694.0,,,,,,,,
10174,1934,37.5,0.049,,,,,,,,,,0.179,33.492,,,,,,,,,,,,,,,,,,,,,,,,,,5347684.0,,,,,,,,
10175,1935,-31.818,-0.057,,,,,,,,,,0.122,22.639,,,,,,,,,,,,,,,,,,,,,,,,,,5394073.0,,,,,,,,
10176,1936,13.333,0.016,,,,,,,,,,0.138,25.437,,,,,,,,,,,,,,,,,,,,,,,,,,5440864.0,,,,,,,,
10177,1937,11.765,0.016,,,,,,,,,,0.155,28.185,,,,,,,,,,,,,,,,,,,,,,,,,,5488061.0,,,,,,,,
10178,1938,-47.368,-0.073,,,,,,,,,,0.081,14.706,,,,,,,,,,,,,,,,,,,,,,,,,,5535668.0,,,,,,,,
10179,1939,90.0,0.073,,,,,,,,,,0.155,27.702,,,,,,,,,,,,,,,,,,,,,,,,,,5583687.0,,,,,,,,
10180,1940,5.263,0.008,,,,,,,,,,0.163,28.909,,,,,,,,,,,,,,,,,,,,,,,,,,5632123.0,,,,,,,,
10181,1941,-15.0,-0.024,,,,,,,,,,0.138,24.361,,,,,,,,,,,,,,,,,,,,,,,,,,5680979.0,,,,,,,,
10182,1942,-58.824,-0.081,,,,,,,,,,0.057,9.945,,,,,,,,,,,,,,,,,,,,,,,,,,5730259.0,,,,,,,,
10183,1943,85.715,0.049,,,,,,,,,,0.106,18.31,,,,,,,,,,,,,,,,,,,,,,,,,,5779967.0,,,,,,,,
10184,1944,23.077,0.024,,,,,,,,,,0.13,22.342,,,,,,,,,,,,,,,,,,,,,,,,,,5830105.0,,,,,,,,
10185,1945,-25.0,-0.033,,,,,,,,,,0.098,16.612,,,,,,,,,,,,,,,,,,,,,,,,,,5880679.0,,,,,,,,
10186,1946,33.334,0.033,,,,,,,,,,0.13,21.959,,,,,,,,,,,,,,,,,,,,,,,,,,5931691.0,,,,,,,,
10187,1947,0.0,0.0,,,,,,,,,,0.13,21.771,,,,,,,,,,,,,,,,,,,,,,,,,,5983146.0,,,,,,,,
10188,1948,-43.75,-0.057,,,,,,,,,,0.073,12.141,,,,,,,,,,,,,,,,,,,,,,,,,,6035047.0,,,,,,,,
10189,1949,44.445,0.033,,,,,,,,,,0.106,17.386,,,,,,,,,,,,,,,,,,,,,,,,,,6087398.0,,,,,,,,
10190,1950,330.769,0.35,,,,,,,,,,0.456,76.506,,,,,,,,,,,,,,,,,,,,,,,,,,5959000.0,,,,,,2912499968.0,,
10191,1951,39.286,0.179,,,,,,,,,,0.635,104.803,,,,,,,,,,,,,,,,,,,,,,,,,,6059000.0,,,,,,3014350080.0,,
10192,1952,-80.769,-0.513,,,,,,,,,,0.122,19.808,,,,,,,,,,,,,,,,,,,,,,,,,,6165000.0,,,,,,3119864064.0,,
10193,1953,980.0,1.197,,,,,,,,,,1.319,210.174,,,,,,,,,,,,,,,,,,,,,,,,,,6275000.0,,,,,,3230136064.0,,
10194,1954,-12.346,-0.163,,,,,,,,,,1.156,180.911,,,,,,,,,,,,,,,,,,,,,,,,,,6390000.0,,,,,,3305344000.0,,
10195,1955,21.127,0.244,,,,,,,,,,1.4,215.159,,,,,,,,,,,,,,,,,,,,,,,,,,6508000.0,,,,,,3506294016.0,,
10196,1956,26.744,0.374,,,,,,,,,,1.775,267.602,,,,,,,,,,,,,,,,,,,,,,,,,,6632000.0,,,,,,3528965888.0,,
10197,1957,23.853,0.423,,,,,,,,,,2.198,325.159,,,,,,,,,,,,,,,,,,,,,,,,,,6760000.0,,,,,,3603456000.0,,
10198,1958,-8.519,-0.187,,,,,,,,,,2.011,291.678,,,,,,,,,,,,,,,,,,,,,,,,,,6894000.0,,,,,,3775101952.0,,
10199,1959,4.049,0.081,,,,,,,,,,2.092,297.362,,,,,,,,,,,,,,,,,,,,,,,,,,7036000.0,,,,,,3982624000.0,,
10200,1960,5.058,0.106,,,,,,,,,,2.198,305.925,,,,,,,,,,,,,,,,,,,,,,,,,,7185000.0,,,,,,4079712000.0,,
10201,1961,18.889,0.415,,,,,,,,,,2.613,355.933,,,,,,,,,,,,,,,,,,,,,,,,,,7342000.0,,,,,,4279308032.0,,
10202,1962,-7.165,-0.187,,,,,,,,,,2.426,323.168,,,,,,,,,,,,,,,,,,,,,,,,,,7507000.0,,,,,,4743500800.0,,
10203,1963,-5.034,-0.122,,,,,,,,,,2.304,300.027,,,,,,,,,,,,,,,,,,,,,,,,,,7679000.0,,,,,,4543447040.0,,
10204,1964,-13.428,-0.309,,,,,,,,,,1.995,253.856,,,,,,,,,,,,,,,,,,,,,,,,,,7857000.0,,,,,,4729913856.0,,
10205,1965,-3.265,-0.065,,,,,,,,,,1.929,240.007,,,,,,,,,,,,,,,,,,,,,,,,,,8039000.0,,,,,,4822880768.0,,
10206,1966,24.473,0.472,,,,,,,,,,2.402,291.952,,,,,,,,,,,,,,,,,,,,,,,,,,8226000.0,,,,,,4964310016.0,,
10207,1967,-4.407,-0.106,,,,,,,,,,2.296,272.721,,,,,,,,,,,,,,,,,,,,,,,,,,8418000.0,,,,,,5399582208.0,,
10208,1968,46.809,1.075,,,,,,,,,,3.37,391.267,,,,,,,,,,,,,,,,,,,,,,,,,,8614000.0,,,,,,6032236032.0,,
10209,1969,-33.092,-1.115,,,,,,,,,,2.255,255.792,,,,,,,,,,,,,,,,,,,,,,,,,,8816000.0,,,,,,6665168896.0,,
10210,1970,26.715,0.602,,,,,,,,,,2.857,316.69,,,,,,,,,,,,,,,,,,,,,,,,,,9023000.0,,,,,,6977999872.0,,
10211,1971,-7.977,-0.228,,,,,,,,,,2.63,284.799,,,,,,,,,,,,,,,,,,,,,,,,,,9233000.0,,,,,,7440419840.0,,
10212,1972,4.025,0.106,,,,,,,,,,2.735,289.581,,,,,,,,,,,,,,,,,,,,,,,,,,9446000.0,,,,,,7691039744.0,,
10213,1973,17.262,0.472,,,,,,,,,,3.208,331.736,,,,,,,,,,,,,,,,,,,,,,,,,,9669000.0,,,,,,7929167872.0,,
10214,1974,8.122,0.261,,,,,,,,,,3.468,350.062,,,,,,,,,,,,,,,,,,,,,,,,,,9907000.0,,,,,,6833829888.0,,
10215,1975,34.977,1.213,,,,,,,,,,4.681,460.509,,,,,,,,,,,,,,,,,,,,,,,,,,10165000.0,,,,,,5717283840.0,,
10216,1976,-35.478,-1.661,,,,,,,,,,3.02,289.191,,,,,,,,,,,,,,,,,,,,,,,,,,10444000.0,,,,,,5503470080.0,,
10217,1977,49.057,1.482,,,,,,,,,,4.502,419.217,,,,,,,,,,,,,,,,,,,,,,,,,,10739000.0,,,,,,5552871936.0,,
10218,1978,-43.942,-1.978,,,,,,,,,,2.524,228.576,,,,,,,,,,,,,,,,,,,,,,,,,,11041000.0,,,,,,5618339840.0,,
10219,1979,-61.935,-1.563,,,,,,,,,,0.961,84.705,,,,,,,,,,,,,,,,,,,,,,,,,,11341000.0,,,,,,5677440000.0,,
10220,1980,-100.0,-0.961,,,,,,,,,,0.0,0.0,,,,,,,,8.375,4000.404,,0.0,0.0,,,,,,,,,0.0,0.0,,,,11630000.0,46.525,,,,,5555276800.0,,
10221,1981,,0.0,0.0,,0.0,-64.511,-30.013,,,,,0.0,0.0,,,,,,,,2.848,1385.996,,0.0,0.0,,,,,,,,,0.0,0.0,,,,11913000.0,16.511,,,,,5798246912.0,,
10222,1982,,0.0,0.0,,0.0,0.946,0.156,,,,,0.0,0.0,,,,,,,,2.848,1367.314,,0.0,0.0,,,,,,,,,0.0,0.0,,,,12190000.0,16.668,,,,,5852955136.0,,
10223,1983,,0.0,0.0,,0.0,35.158,5.86,,,,,0.0,0.0,,,,,,,,4.045,1810.897,,0.0,0.0,,,,,,,,,0.0,0.0,,,,12440000.0,22.528,,,,,5569028096.0,,
10224,1984,,0.0,0.0,,0.0,-59.144,-13.324,,,,,0.0,0.0,,,,,,,,1.6,728.375,,0.0,0.0,,,,,,,,,0.0,0.0,,,,12636000.0,9.204,,,,,5750734848.0,,
10225,1985,,0.0,0.0,,0.0,-6.136,-0.565,,,,,0.0,0.0,,,,,,,,1.773,676.824,,0.0,0.0,,,,,,,,,0.0,0.0,,,,12764000.0,8.639,,,,,4872499200.0,,
10226,1986,,0.0,0.0,,0.0,-51.28,-4.43,,,,,0.0,0.0,,,,,,,,0.681,328.59,,0.0,0.0,,,,,,,,,0.0,0.0,,,,12809000.0,4.209,,,,,6177209856.0,,
10227,1987,,0.0,0.0,,0.0,0.531,0.022,,,,,0.0,0.0,,,,,,,,0.747,330.93,,0.0,0.0,,,,,,,,,0.0,0.0,,,,12786000.0,4.231,,,,,5660904960.0,,
10228,1988,,0.0,0.0,,0.0,48.735,2.062,,,,,0.0,0.0,,,,,,,,1.081,493.289,,0.0,0.0,,,,,,,,,0.0,0.0,,,,12758000.0,6.293,,,,,5823195136.0,,
10229,1989,,0.0,0.0,,0.0,-20.227,-1.273,,,,,0.0,0.0,,,,,,,,0.809,392.035,,0.0,0.0,,,,,,,,,0.0,0.0,,,,12806000.0,5.02,,,,,6203553792.0,,
10230,1990,,0.0,0.0,,0.0,1.373,0.069,,,,,0.0,0.0,,,,,,,,0.822,391.879,,0.0,0.0,,,,,,,,,0.0,0.0,,,,12987000.0,5.089,,,,,6194163200.0,,
10231,1991,,0.0,0.0,,0.0,1.462,0.074,,,,,0.0,0.0,,,,,,,,0.745,387.436,,0.0,0.0,,,,,,,,,0.0,0.0,,,,13328000.0,5.164,,,,,6929439744.0,,
10232,1992,,0.0,0.0,,0.0,-0.131,-0.007,,,,,0.0,0.0,,,,,,,,0.848,373.532,,0.0,0.0,,,,,,,,,0.0,0.0,,,,13806000.0,5.157,,,,,6079410176.0,,
10233,1993,,0.0,0.0,,0.0,-0.378,-0.02,,,,,0.0,0.0,,,,,,,,0.796,357.488,,0.0,0.0,,,,,,,,,0.0,0.0,,,,14371000.0,5.137,,,,,6456672256.0,,
10234,1994,,0.0,0.0,,0.0,-2.442,-0.125,,,,,0.0,0.0,,,,,,,,0.684,335.298,,0.0,0.0,,,,,,,,,0.0,0.0,,,,14948000.0,5.012,,,,,7328206848.0,,
10235,1995,,,,,,8.306,0.416,,0.0,0.0,,,,,,,,,,,0.791,350.598,,,,,,,,,,,,,,,,,15483000.0,5.428,,,,,6863841792.0,,
10236,1996,,,,,,3.871,0.21,0.0,0.0,0.0,,,,,,,,,,,0.691,353.286,,,,,,,,,,,,,,,,,15960000.0,5.638,,,,,8164247040.0,,
10237,1997,,,,,,28.345,1.598,0.0,0.0,0.0,,,,,,,,,,,0.779,441.342,,,,,,,,,,,,,,,,,16397000.0,7.237,,,,,9295397888.0,,
10238,1998,,,,,,31.542,2.283,0.0,0.0,0.0,,,,,,,,,,,0.979,566.154,,,,,,,,,,,,,,,,,16814000.0,9.519,,,,,9722567680.0,,
10239,1999,,,,,,185.614,17.669,0.0,0.0,0.0,,,,,,,,,,,2.89,1576.692,,,,,,,,,,,,,,,,,17244000.0,27.188,,,,,9408063488.0,,
10240,2000,,,,,,26.771,7.279,,,,,0.194,10.962,9.604,9.555,0.0,0.008,9.563,0.0,0.0,3.241,1945.969,,0.651,36.741,99.486,539.465,99.569,9.563,539.916,0.0,0.0,,0.0,0.0,0.452,0.083,542.252,17712000.0,34.467,539.916,99.569,0.0,0.0,10635299840.0,0.0,0.0
10241,2001,25.0,0.049,0.0,,0.0,19.071,6.573,,,,,0.243,13.319,11.778,11.723,0.0,0.014,11.737,0.0,0.0,3.563,2252.233,,0.651,35.712,99.53,643.343,99.649,11.737,644.112,0.0,0.0,,0.0,0.0,0.768,0.119,646.381,18222000.0,41.04,644.112,99.649,0.0,0.0,11516837888.0,0.0,0.0
10242,2002,46.667,0.113,0.0,,0.0,4.072,1.671,,,,,0.356,18.971,12.615,12.547,0.0,0.032,12.579,0.0,0.0,3.033,2276.23,,0.651,34.681,99.463,668.674,99.717,12.579,670.379,0.0,0.0,,0.0,0.0,1.705,0.254,672.283,18764000.0,42.711,670.379,99.717,0.0,0.0,14081280000.0,0.0,0.0
10243,2003,-15.909,-0.057,0.217,,0.0,-7.615,-3.252,,,,,0.299,15.485,10.835,10.761,0.0,0.039,10.8,0.0,0.0,2.546,2041.225,,0.868,44.885,99.319,556.671,99.679,10.8,558.688,0.0,0.0,,0.0,0.0,2.017,0.36,560.487,19331000.0,39.459,558.688,99.679,0.0,0.0,15496326144.0,0.0,0.0
10244,2004,-54.054,-0.162,11.714,,0.0,2.509,0.99,,,,,0.138,6.907,11.632,11.551,0.0,0.038,11.589,0.0,0.0,2.503,2031.479,,12.581,631.872,99.302,580.132,99.628,11.589,582.04,0.0,0.0,,0.0,0.0,1.908,0.327,584.212,19911000.0,40.449,582.04,99.628,0.0,0.0,16161756160.0,0.0,0.0
10245,2005,94.118,0.129,11.388,,0.0,12.683,5.13,,,,,0.267,13.027,13.196,13.131,0.0,0.045,13.176,0.0,0.0,2.599,2224.017,,23.969,1169.579,99.509,640.724,99.85,13.176,642.92,0.0,0.0,,0.0,0.0,2.196,0.341,643.883,20494000.0,45.579,642.92,99.85,0.0,0.0,17534720000.0,0.0,0.0
10246,2006,24.242,0.065,4.013,,0.0,10.511,4.791,,,,,0.332,15.735,14.63,14.57,0.0,0.041,14.611,0.0,0.0,2.74,2389.45,,27.982,1327.435,99.591,691.176,99.871,14.611,693.121,0.0,0.0,,0.0,0.0,1.945,0.28,694.013,21080000.0,50.37,693.121,99.871,0.0,0.0,18381838336.0,0.0,0.0
10247,2007,-41.463,-0.138,0.651,,0.0,12.414,6.253,,,,,0.194,8.959,15.955,15.902,0.0,0.041,15.943,0.0,0.0,2.933,2612.589,,28.633,1321.141,99.666,733.724,99.923,15.943,735.616,0.0,0.0,,0.0,0.0,1.892,0.257,736.18,21673000.0,56.623,735.616,99.923,0.0,0.0,19302912000.0,0.0,0.0
10248,2008,58.333,0.113,5.112,,0.0,-6.567,-3.718,,,,,0.307,13.8,15.024,14.963,0.0,0.049,15.012,0.0,0.0,2.598,2374.847,,33.745,1514.774,99.593,671.679,99.919,15.012,673.879,0.0,0.0,,0.0,0.0,2.2,0.326,674.427,22277000.0,52.904,673.879,99.919,0.0,0.0,20363417600.0,0.0,0.0
10249,2009,-3.026,-0.009,-2.984,,0.0,11.084,5.864,,,,,0.298,13.021,16.837,16.781,0.0,0.044,16.825,0.0,0.0,2.828,2566.869,,30.76,1343.542,99.666,732.955,99.927,16.825,734.877,0.0,0.0,,0.0,0.0,1.922,0.261,735.41,22895000.0,58.768,734.877,99.927,0.0,0.0,20778444800.0,0.0,0.0
10250,2010,-3.121,-0.009,5.05,,0.0,-1.792,-1.053,,,,,0.289,12.273,16.553,16.481,0.0,0.054,16.535,0.0,0.0,2.733,2452.63,,35.811,1521.784,99.566,700.365,99.892,16.535,702.66,0.0,0.0,,0.0,0.0,2.295,0.326,703.419,23532000.0,57.715,702.66,99.892,0.0,0.0,21117726720.0,0.0,0.0
10251,2011,1628.29,4.703,8.034,,0.0,11.696,6.75,,,,,4.992,206.366,16.729,16.642,0.0,0.068,16.71,0.0,0.0,3.114,2665.185,,43.845,1812.678,99.481,688.027,99.888,16.71,690.838,0.0,0.0,,0.0,0.0,2.811,0.406,691.616,24188000.0,64.465,690.838,99.888,0.0,0.0,20700575744.0,0.0,0.0
10252,2012,634.198,31.656,12.281,,0.0,5.843,3.766,,,,,36.648,1474.0,15.082,14.994,0.0,0.068,15.062,0.0,0.0,3.129,2744.315,,56.126,2257.421,99.418,603.065,99.869,15.062,605.804,0.0,0.0,,0.0,0.0,2.735,0.451,606.598,24863000.0,68.232,605.804,99.869,0.001,0.004,21808332800.0,0.0,0.0
10253,2013,34.216,12.54,4.476,,0.0,4.756,3.245,,,,,49.188,1924.326,14.792,14.401,0.0,0.063,14.464,0.0,0.0,2.711,2796.325,,60.603,2370.9,97.354,563.397,97.782,14.464,565.878,0.0,0.0,,0.0,0.0,2.465,0.426,578.712,25561000.0,71.477,565.878,97.782,0.003,0.016,26364755968.0,0.0,0.0
10254,2014,12.688,6.241,3.673,,0.0,11.861,8.478,,,,,55.429,2108.682,17.581,16.013,0.0,0.072,16.086,0.001,0.0,2.706,3041.725,,64.275,2445.236,91.083,609.184,91.499,16.086,611.961,0.0,0.0,,0.0,0.0,2.739,0.41,668.82,26286000.0,79.955,611.961,91.499,0.006,0.038,29544933376.0,0.0,0.0
10255,2015,-2.414,-1.338,1.09,,0.0,7.182,5.742,,,,,54.091,2000.246,19.639,17.035,0.0,0.062,17.099,0.002,0.0,2.72,3169.034,,65.366,2417.198,86.741,629.946,87.067,17.099,632.313,0.0,0.0,,0.0,0.0,2.293,0.316,726.236,27042000.0,85.697,632.313,87.067,0.01,0.074,31509975040.0,0.0,0.0
10256,2016,-8.305,-4.492,1.09,,0.0,13.592,11.648,,,,,49.599,1782.198,18.467,15.453,0.0,0.055,15.51,0.002,0.0,2.989,3497.846,,66.456,2387.935,83.678,555.264,83.987,15.51,557.312,0.0,0.0,,0.0,0.0,1.976,0.298,663.573,27830000.0,97.345,557.312,83.987,0.011,0.072,32568367104.0,0.0,0.0
10257,2017,0.0,,,,,,,0.0,0.0,0.0,,,,16.734,13.92,0.0,0.058,13.98,0.002,0.0,,,,,,83.183,485.881,83.541,13.98,487.975,0.0,0.0,,,,2.025,0.347,584.111,28649000.0,,487.975,83.541,0.012,0.07,,0.0,0.0
10258,2018,0.0,,,,,,,0.0,0.0,0.0,,,,16.417,13.782,0.0,0.061,13.845,0.002,0.0,,,,,,83.948,467.243,84.334,13.845,469.394,0.0,0.0,,,,2.084,0.374,556.587,29496000.0,,469.394,84.334,0.012,0.068,,0.0,0.0
10259,2019,0.0,,,,,,,0.0,0.0,0.0,,,,15.343,12.697,0.0,0.061,12.761,0.002,0.0,,,,,,82.756,418.145,83.168,12.761,420.229,0.0,0.0,,,,2.018,0.399,505.274,30366000.0,,420.229,83.168,0.013,0.066,,0.0,0.0
