,Year,Coal production change (%),Coal production change (tWh),Gas production change (%),Oil production change (%),Oil production change (tWh),Energy consumption change (%),Energy consumption change (tWh),Biofuel consumption change (tWh),Biofuel consumption (tWh),Biofuel consumption per capita (kWh),Coal consumption (tWh),Coal production (tWh),Coal production per capita (kWh),Electricity generation (tWh),Hydro electricity generation (tWh),Nuclear electricity generation (tWh),Other renewable electricity (tWh),Renewables electricity generation (tWh),Solar electricity generation (tWh),Wind electricity generation (tWh),Energy consumption per GDP (kWh/$),Energy consumption per capita (kWh),Gas consumption (tWh),Gas production (tWh),Gas production per capita (kWh),Share of electricity consumption from hydro,Hydro electricity consumption per capita (kWh),Electricity consumption share from low carbon,Low carbon electricity generation (tWh),Low carbon electricity consumption (kWh),Share of electricity consumption from nuclear,Nuclear electricity consumption per capita (kWh),Oil energy consumption (tWh),Oil production (tWh),Oil production per capita (kWh),Other renewables consumption per capita (kWh),Share of consumption from other renewables,Electricity consumption per capita (kWh),Population,Primary energy consumption (tWh),Renewables consumption per capita (kWh),Share of consumption from renewables,Share of electricity consumption from solar,Solar consumption per capita (kWh),GDP,Share of electricity consumption from wind,Wind consumption per capita (kWh)
10260,1900,,,,,,,,,,,,0.0,0.0,,,,,,,,,,,0.0,0.0,,,,,,,,,0.0,0.0,,,,10013993.0,,,,,,,,
10261,1901,,0.0,0.0,,0.0,,,,,,,0.0,0.0,,,,,,,,,,,0.0,0.0,,,,,,,,,0.0,0.0,,,,10243464.0,,,,,,10280200192.0,,
10262,1902,,0.0,0.0,,0.0,,,,,,,0.0,0.0,,,,,,,,,,,0.0,0.0,,,,,,,,,0.0,0.0,,,,10496297.0,,,,,,,,
10263,1903,,0.0,0.0,,0.0,,,,,,,0.0,0.0,,,,,,,,,,,0.0,0.0,,,,,,,,,0.0,0.0,,,,10702036.0,,,,,,,,
10264,1904,,0.0,0.0,,0.0,,,,,,,0.0,0.0,,,,,,,,,,,0.0,0.0,,,,,,,,,0.0,0.0,,,,10893168.0,,,,,,,,
10265,1905,,0.0,0.0,,0.0,,,,,,,0.0,0.0,,,,,,,,,,,0.0,0.0,,,,,,,,,0.0,0.0,,,,11068894.0,,,,,,,,
10266,1906,,0.0,0.0,,0.0,,,,,,,0.0,0.0,,,,,,,,,,,0.0,0.0,,,,,,,,,0.0,0.0,,,,11228554.0,,,,,,8950762496.0,,
10267,1907,,0.0,0.0,,0.0,,,,,,,0.0,0.0,,,,,,,,,,,0.0,0.0,,,,,,,,,0.0,0.0,,,,11385069.0,,,,,,,,
10268,1908,,0.0,0.0,,0.0,,,,,,,0.0,0.0,,,,,,,,,,,0.0,0.0,,,,,,,,,0.0,0.0,,,,11549320.0,,,,,,,,
10269,1909,,0.0,0.0,,0.0,,,,,,,0.0,0.0,,,,,,,,,,,0.0,0.0,,,,,,,,,0.0,0.0,,,,11715932.0,,,,,,,,
10270,1910,,0.0,0.0,,0.0,,,,,,,0.0,0.0,,,,,,,,,,,0.0,0.0,,,,,,,,,0.0,0.0,,,,11870774.0,,,,,,,,
10271,1911,,0.0,0.0,,0.0,,,,,,,0.0,0.0,,,,,,,,,,,0.0,0.0,,,,,,,,,0.0,0.0,,,,12031096.0,,,,,,10297749504.0,,
10272,1912,,0.0,0.0,,0.0,,,,,,,0.0,0.0,,,,,,,,,,,0.0,0.0,,,,,,,,,0.0,0.0,,,,12157433.0,,,,,,,,
10273,1913,,0.0,0.0,,0.0,,,,,,,0.0,0.0,,,,,,,,,,,0.0,0.0,,,,,,,,,0.0,0.0,,,,12261865.0,,,,,,11832960000.0,,
10274,1914,,0.0,0.0,,0.0,,,,,,,0.0,0.0,,,,,,,,,,,0.0,0.0,,,,,,,,,0.0,0.0,,,,12367273.0,,,,,,,,
10275,1915,,0.0,0.0,,0.0,,,,,,,0.0,0.0,,,,,,,,,,,0.0,0.0,,,,,,,,,0.0,0.0,,,,12473658.0,,,,,,,,
10276,1916,,0.0,0.0,,0.0,,,,,,,0.0,0.0,,,,,,,,,,,0.0,0.0,,,,,,,,,0.0,0.0,,,,12581019.0,,,,,,14585450496.0,,
10277,1917,,0.0,0.0,,0.0,,,,,,,0.0,0.0,,,,,,,,,,,0.0,0.0,,,,,,,,,0.0,0.0,,,,12689357.0,,,,,,,,
10278,1918,,0.0,0.0,,0.0,,,,,,,0.0,0.0,,,,,,,,,,,0.0,0.0,,,,,,,,,0.0,0.0,,,,12770262.0,,,,,,,,
10279,1919,,0.0,0.0,,0.0,,,,,,,0.0,0.0,,,,,,,,,,,0.0,0.0,,,,,,,,,0.0,0.0,,,,12881642.0,,,,,,,,
10280,1920,,0.0,0.0,,0.0,,,,,,,0.0,0.0,,,,,,,,,,,0.0,0.0,,,,,,,,,0.0,0.0,,,,12994680.0,,,,,,,,
10281,1921,,0.0,0.0,,0.0,,,,,,,0.0,0.0,,,,,,,,,,,0.0,0.0,,,,,,,,,0.0,0.0,,,,13146502.0,,,,,,13159151616.0,,
10282,1922,,0.0,0.0,,0.0,,,,,,,0.0,0.0,,,,,,,,,,,0.0,0.0,,,,,,,,,0.0,0.0,,,,13277439.0,,,,,,,,
10283,1923,,0.0,0.0,,0.0,,,,,,,0.0,0.0,,,,,,,,,,,0.0,0.0,,,,,,,,,0.0,0.0,,,,13416996.0,,,,,,,,
10284,1924,,0.0,0.0,,0.0,,,,,,,0.0,0.0,,,,,,,,,,,0.0,0.0,,,,,,,,,0.0,0.0,,,,13557879.0,,,,,,,,
10285,1925,,0.0,0.0,,0.0,,,,,,,0.0,0.0,,,,,,,,,,,0.0,0.0,,,,,,,,,0.0,0.0,,,,13700419.0,,,,,,,,
10286,1926,,0.0,0.0,,0.0,,,,,,,0.0,0.0,,,,,,,,,,,0.0,0.0,,,,,,,,,0.0,0.0,,,,13844285.0,,,,,,15869939712.0,,
10287,1927,,0.0,0.0,,0.0,,,,,,,0.0,0.0,,,,,,,,,,,0.0,0.0,,,,,,,,,0.0,0.0,,,,13989808.0,,,,,,,,
10288,1928,,0.0,0.0,,11.967,,,,,,,0.0,0.0,,,,,,,,,,,0.0,0.0,,,,,,,,,11.967,846.542,,,,14136658.0,,,,,,,,
10289,1929,,0.0,0.0,-3.401,-0.407,,,,,,,0.0,0.0,,,,,,,,,,,0.0,0.0,,,,,,,,,11.56,809.247,,,,14285164.0,,,,,,,,
10290,1930,,0.0,0.0,1.207,0.14,,,,,,,0.0,0.0,,,,,,,,,,,0.0,0.0,,,,,,,,,11.7,810.516,,,,14434997.0,,,,,,,,
10291,1931,,0.0,0.0,-4.871,-0.57,,,,,,,0.0,0.0,,,,,,,,,,,0.0,0.0,,,,,,,,,11.13,762.181,,,,14602730.0,,,,,,18553755648.0,,
10292,1932,,0.0,0.0,1.463,0.163,,,,,,,0.0,0.0,,,,,,,,,,,0.0,0.0,,,,,,,,,11.293,763.623,,,,14788364.0,,,,,,,,
10293,1933,,0.0,0.0,0.618,0.07,,,,,,,0.0,0.0,,,,,,,,,,,0.0,0.0,,,,,,,,,11.363,757.877,,,,14992561.0,,,,,,,,
10294,1934,,0.0,0.0,2.252,0.256,,,,,,,0.0,0.0,,,,,,,,,,,0.0,0.0,,,,,,,,,11.618,764.397,,,,15199410.0,,,,,,,,
10295,1935,,0.0,0.0,-1.301,-0.151,,,,,,,0.0,0.0,,,,,,,,,,,0.0,0.0,,,,,,,,,11.467,744.176,,,,15409242.0,,,,,,,,
10296,1936,,0.0,0.0,2.84,0.326,,,,,,,0.0,0.0,,,,,,,,,,,0.0,0.0,,,,,,,,,11.793,754.883,,,,15622057.0,,,,,,18456899584.0,,
10297,1937,,0.0,0.0,3.452,0.407,,,,,,,0.0,0.0,,,,,,,,,,,0.0,0.0,,,,,,,,,12.2,770.299,,,,15837856.0,,,,,,,,
10298,1938,,0.0,0.0,-4.004,-0.488,,,,,,,0.0,0.0,,,,,,,,,,,0.0,0.0,,,,,,,,,11.711,729.382,,,,16056639.0,,,,,,16742365184.0,,
10299,1939,,0.0,0.0,4.568,0.535,,,,,,,0.0,0.0,,,,,,,,,,,0.0,0.0,,,,,,,,,12.246,752.31,,,,16278405.0,,,,,,,,
10300,1940,,0.0,0.0,-1.804,-0.221,,,,,,,0.0,0.0,,,,,,,,,,,0.0,0.0,,,,,,,,,12.025,728.66,,,,16503485.0,,,,,,,,
10301,1941,,0.0,0.0,0.387,0.047,,,,,,,0.0,0.0,,,,,,,,,,,0.0,0.0,,,,,,,,,12.072,724.31,,,,16666821.0,,,,,,,,
10302,1942,,0.0,0.0,-67.823,-8.188,,,,,,,0.0,0.0,,,,,,,,,,,0.0,0.0,,,,,,,,,3.884,231.665,,,,16767444.0,,,,,,,,
10303,1943,,0.0,0.0,-59.88,-2.326,,,,,,,0.0,0.0,,,,,,,,,,,0.0,0.0,,,,,,,,,1.558,92.741,,,,16804054.0,,,,,,,,
10304,1944,,0.0,0.0,-25.373,-0.395,,,,,,,0.0,0.0,,,,,,,,,,,0.0,0.0,,,,,,,,,1.163,69.059,,,,16840744.0,,,,,,,,
10305,1945,,0.0,0.0,-3.0,-0.035,,,,,,,0.0,0.0,,,,,,,,,,,0.0,0.0,,,,,,,,,1.128,66.841,,,,16877516.0,,,,,,,,
10306,1946,,0.0,0.0,-97.938,-1.105,,,,,,,0.0,0.0,,,,,,,,,,,0.0,0.0,,,,,,,,,0.023,1.375,,,,16914366.0,,,,,,,,
10307,1947,,0.0,0.0,300.0,0.07,,,,,,,0.0,0.0,,,,,,,,,,,0.0,0.0,,,,,,,,,0.093,5.489,,,,16951296.0,,,,,,,,
10308,1948,,0.0,0.0,525.0,0.488,,,,,,,0.0,0.0,,,,,,,,,,,0.0,0.0,,,,,,,,,0.582,34.229,,,,16988308.0,,,,,,,,
10309,1949,,0.0,0.0,-32.0,-0.186,,,,,,,0.0,0.0,,,,,,,,,,,0.0,0.0,,,,,,,,,0.395,23.225,,,,17025402.0,,,,,,,,
10310,1950,,0.0,0.024,105.882,0.419,,,,,,,0.0,0.0,,,,,,,,,,,0.024,1.355,,,,,,,,,0.814,45.787,,,,17780000.0,,,,,,10815840256.0,,
10311,1951,,0.0,0.0,62.857,0.512,,,,,,,0.0,0.0,,,,,,,,,,,0.024,1.33,,,,,,,,,1.326,73.234,,,,18104000.0,,,,,,12387288064.0,,
10312,1952,,0.0,0.012,10.526,0.14,,,,,,,0.0,0.0,,,,,,,,,,,0.036,1.959,,,,,,,,,1.465,79.463,,,,18441000.0,,,,,,12658589696.0,,
10313,1953,,0.0,0.024,12.698,0.186,,,,,,,0.0,0.0,,,,,,,,,,,0.06,3.204,,,,,,,,,1.651,87.876,,,,18793000.0,,,,,,12976308224.0,,
10314,1954,,0.016,0.0,26.761,0.442,,,,,,,0.016,0.85,,,,,,,,,,,0.06,3.142,,,,,,,,,2.093,109.248,,,,19162000.0,,,,,,12184536064.0,,
10315,1955,250.0,0.041,0.012,17.222,0.361,,,,,,,0.057,2.915,,,,,,,,,,,0.072,3.696,,,,,,,,,2.454,125.521,,,,19550000.0,,,,,,13766700032.0,,
10316,1956,-85.714,-0.049,0.012,9.479,0.233,,,,,,,0.008,0.408,,,,,,,,,,,0.084,4.224,,,,,,,,,2.687,134.623,,,,19956000.0,,,,,,14671481856.0,,
10317,1957,0.0,0.0,-0.012,70.996,1.907,,,,,,,0.008,0.399,,,,,,,,,,,0.072,3.546,,,,,,,,,4.594,225.41,,,,20380000.0,,,,,,15539810304.0,,
10318,1958,-100.0,-0.008,0.036,16.962,0.779,,,,,,,0.0,0.0,,,,,,,,,,,0.108,5.206,,,,,,,,,5.373,258.072,,,,20820000.0,,,,,,15109560320.0,,
10319,1959,,0.008,-0.048,14.502,0.779,,,,,,,0.008,0.383,,,,,,,,,,,0.06,2.831,,,,,,,,,6.152,289.206,,,,21273000.0,,,,,,17450643456.0,,
10320,1960,0.0,0.0,0.193,3.025,0.186,,,,,,,0.008,0.375,,,,,,,,,,,0.253,11.635,,,,,,,,,6.338,291.593,,,,21737000.0,,,,,,18042810368.0,,
10321,1961,100.0,0.008,-0.145,3.486,0.221,,,,,,,0.016,0.733,,,,,,,,,,,0.108,4.88,,,,,,,,,6.559,295.305,,,,22212000.0,,,,,,18469439488.0,,
10322,1962,50.0,0.008,0.108,3.546,0.233,,,,,,,0.024,1.076,,,,,,,,,,,0.217,9.551,,,,,,,,,6.792,299.23,,,,22698000.0,,,,,,20092299264.0,,
10323,1963,0.0,0.0,-0.024,8.904,0.605,,,,,,,0.024,1.053,,,,,,,,,,,0.193,8.306,,,,,,,,,7.397,318.85,,,,23198000.0,,,,,,20640905216.0,,
10324,1964,233.333,0.057,-0.072,-12.579,-0.93,,,,,,,0.081,3.432,,,,,,,,,,,0.12,5.078,,,,,,,,,6.466,272.632,,,,23718000.0,,,,,,21012420608.0,,
10325,1965,60.0,0.049,0.0,-1.978,-0.128,,,,,,,0.13,5.369,,,,,,,,,,,0.12,4.964,,,,,,,,,6.338,261.278,,,,24259000.0,,,,,,21171513344.0,,
10326,1966,-6.25,-0.008,0.012,4.22,0.267,,,,,,,0.122,4.919,,,,,,,,,,,0.132,5.337,,,,,,,,,6.606,266.107,,,,24824000.0,,,,,,21258962944.0,,
10327,1967,6.667,0.008,-0.048,3.345,0.221,,,,,,,0.13,5.126,,,,,,,,,,,0.084,3.318,,,,,,,,,6.827,268.666,,,,25410000.0,,,,,,21114816512.0,,
10328,1968,-43.75,-0.057,0.06,24.191,1.651,,,,,,,0.073,2.816,,,,,,,,,,,0.145,5.555,,,,,,,,,8.478,325.9,,,,26015000.0,,,,,,21542656000.0,,
10329,1969,-11.111,-0.008,0.06,8.916,0.756,,,,,,,0.065,2.445,,,,,,,,,,,0.205,7.686,,,,,,,,,9.234,346.682,,,,26636000.0,,,,,,22681655296.0,,
10330,1970,0.0,,-0.131,0.0,,,,,0.0,0.0,,,,,,,,,,,,,,0.074,2.702,,,,,,,,,,,,,,27269000.0,,,,,,23612766208.0,,
10331,1971,0.0,,0.069,0.0,,,,0.0,0.0,0.0,,,,,,,,,,,,,,0.142,5.104,,,,,,,,,,,,,,27914000.0,,,,,,24379398144.0,,
10332,1972,0.0,,0.01,0.0,,,,0.0,0.0,0.0,,,,,,,,,,,,,,0.152,5.33,,,,,,,,,,,,,,28570000.0,,,,,,24288321536.0,,
10333,1973,0.0,,0.032,0.0,,,,0.0,0.0,0.0,,,,,,,,,,,,,,0.184,6.301,,,,,,,,,,,,,,29238000.0,,,,,,23884994560.0,,
10334,1974,0.0,,1.464,0.0,,,,0.0,0.0,0.0,,,,,,,,,,,,,,1.648,55.089,,,,,,,,,,,,,,29918000.0,,,,,,25031159808.0,,
10335,1975,0.0,,0.12,0.0,,,,0.0,0.0,0.0,,,,,,,,,,,,,,1.769,57.773,,,,,,,,,,,,,,30611000.0,,,,,,26179104768.0,,
10336,1976,0.0,,0.688,0.0,,,,0.0,0.0,0.0,,,,,,,,,,,,,,2.456,78.439,,,,,,,,,,,,,,31314000.0,,,,,,27537823744.0,,
10337,1977,0.0,,-0.197,0.0,,,,0.0,0.0,0.0,,,,,,,,,,,,,,2.26,70.558,,,,,,,,,,,,,,32027000.0,,,,,,28832544768.0,,
10338,1978,0.0,,0.393,0.0,,,,0.0,0.0,0.0,,,,,,,,,,,,,,2.653,81.003,,,,,,,,,,,,,,32749000.0,,,,,,30014945280.0,,
10339,1979,0.0,,0.0,0.0,,,,0.0,0.0,0.0,,,,,,,,,,,,,,2.653,79.232,,,,,,,,,,,,,,33481000.0,,,,,,31141206016.0,,
10340,1980,0.0,,0.786,0.0,,,,0.0,0.0,0.0,,,,,,,,,,,0.622,619.293,,3.439,100.478,,,,,,,,,,,,,,34224000.0,21.195,,,,,34085890048.0,,
10341,1981,0.0,,0.688,0.0,,2.948,0.625,0.0,0.0,0.0,,,,,,,,,,,0.606,623.843,,4.127,117.981,,,,,,,,,,,,,,34976000.0,21.82,,,,,35992162304.0,,
10342,1982,0.0,,0.295,0.0,,9.073,1.98,0.0,0.0,0.0,,,,,,,,,,,0.617,666.013,,4.421,123.727,,,,,,,,,,,,,,35734000.0,23.799,,,,,38594248704.0,,
10343,1983,0.0,,1.474,0.0,,15.354,3.654,0.0,0.0,0.0,,,,,,,,,,,0.676,752.312,,5.895,161.542,,,,,,,,,,,,,,36492000.0,27.453,,,,,40611778560.0,,
10344,1984,0.0,,0.393,0.0,,8.097,2.223,0.0,0.0,0.0,,,,,,,,,,,0.685,796.85,,6.288,168.842,,,,,,,,,,,,,,37242000.0,29.676,,,,,43304595456.0,,
10345,1985,0.0,,2.751,0.0,,4.199,1.246,0.0,0.0,0.0,,,,,,,,,,,0.697,814.243,,9.039,238.013,,,,,,,,,,,,,,37977000.0,30.923,,,,,44378464256.0,,
10346,1986,0.0,,1.474,0.0,,-12.955,-4.006,0.0,0.0,0.0,,,,,,,,,,,0.606,695.555,,10.513,271.662,,,,,,,,,,,,,,38698000.0,26.917,,,,,44434599936.0,,
10347,1987,0.0,,1.179,0.0,,-4.04,-1.087,0.0,0.0,0.0,,,,,,,,,,,0.6,655.499,,11.692,296.715,,,,,,,,,,,,,,39404000.0,25.829,,,,,43043000320.0,,
10348,1988,0.0,,-1.474,0.0,,-3.622,-0.936,0.0,0.0,0.0,,,,,,,,,,,0.664,621.008,,10.218,254.902,,,,,,,,,,,,,,40086000.0,24.894,,,,,37470277632.0,,
10349,1989,0.0,,0.491,0.0,,3.451,0.859,0.0,0.0,0.0,,,,,,,,,,,0.67,632.268,,10.709,262.926,,,,,,,,,,,,,,40731000.0,25.753,,,,,38411231232.0,,
10350,1990,0.0,,-2.358,0.0,,-2.698,-0.695,0.0,0.0,0.0,,,,,,,,,,,0.639,606.223,,8.351,202.038,,,,,,,,,,,,,,41335000.0,25.058,,,,,39203758080.0,,
10351,1991,0.0,,0.098,0.0,,-1.728,-0.433,0.0,0.0,0.0,,,,,,,,,,,0.653,587.855,,8.45,201.707,,,,,,,,,,,,,,41890000.0,24.625,,,,,37701472256.0,,
10352,1992,0.0,,0.098,0.0,,3.952,0.973,0.0,0.0,0.0,,,,,,,,,,,0.632,603.711,,8.548,201.589,,,,,,,,,,,,,,42402000.0,25.599,,,,,40489472000.0,,
10353,1993,0.0,,2.26,0.0,,5.958,1.525,0.0,0.0,0.0,,,,,,,,,,,0.517,632.403,,10.808,251.982,,,,,,,,,,,,,,42890000.0,27.124,,,,,52434018304.0,,
10354,1994,0.0,,3.242,0.0,,17.618,4.779,0.0,0.0,0.0,,,,,,,,,,,0.629,735.365,,14.05,323.854,,,,,,,,,,,,,,43383000.0,31.902,,,,,50757853184.0,,
10355,1995,0.0,,2.063,0.0,,6.434,2.053,0.0,0.0,0.0,,,,,,,,,,,0.598,773.427,,16.113,367.022,,,,,,,,,,,,,,43902000.0,33.955,,,,,56789778432.0,,
10356,1996,0.0,,-0.393,0.0,,1.089,0.37,0.0,0.0,0.0,,,,,,,,,,,0.602,772.172,,15.72,353.64,,,,,,,,,,,,,,44452000.0,34.325,,,,,56997376000.0,,
10357,1997,0.0,,-0.884,0.0,,6.932,2.38,0.0,0.0,0.0,,,,,,,,,,,0.648,815.158,,14.836,329.486,,,,,,,,,,,,,,45027000.0,36.704,,,,,56656015360.0,,
10358,1998,0.0,,2.456,0.0,,11.227,4.121,0.0,0.0,0.0,,,,,,,,,,,0.599,895.07,,17.292,379.119,,,,,,,,,,,,,,45611000.0,40.825,,,,,68108558336.0,,
10359,1999,0.0,,-0.393,0.0,,9.031,3.687,0.0,0.0,0.0,,,,,,,,,,,0.671,963.856,,16.899,365.93,,,,,,,,,,,,,,46181000.0,44.512,,,,,66330939392.0,,
10360,2000,0.0,,16.506,0.0,,12.267,5.46,0.0,0.0,0.0,,,,,,,,,,,0.761,1069.606,,33.405,715.005,,,,,,,,,,,,,,46720000.0,49.972,,,,,65653415936.0,,
10361,2001,0.0,,35.37,0.0,,-7.267,-3.632,0.0,0.0,0.0,,,,,,,,,,,0.676,981.267,,68.775,1456.327,,,,,,,,,,,,,,47225000.0,46.34,,,,,68594200576.0,,
10362,2002,0.0,,13.755,0.0,,13.25,6.14,0.0,0.0,0.0,,,,,,,,,,,0.77,1100.173,,82.53,1730.118,,,,,,,,,,,,,,47702000.0,52.48,,,,,68128731136.0,,
10363,2003,0.0,,11.79,0.0,,15.191,7.972,0.0,0.0,0.0,,,,,,,,,,,0.769,1255.539,,94.32,1958.921,,,,,,,,,,,,,,48149000.0,60.453,,,,,78579548160.0,,
10364,2004,0.0,,5.895,0.0,,2.239,1.354,0.0,0.0,0.0,,,,,,,,,,,0.727,1272.681,,100.215,2063.567,,,,,,,,,,,,,,48564000.0,61.806,,,,,84990066688.0,,
10365,2005,0.0,,19.65,0.0,,28.905,17.865,0.0,0.0,0.0,,,,,,,,,,,0.8,1627.612,,119.865,2448.725,,,,,,,,,,,,,,48950000.0,79.672,,,,,99614457856.0,,
10366,2006,0.0,,3.93,0.0,,-4.699,-3.744,0.0,0.0,0.0,,,,,,,,,,,0.678,1540.092,,123.795,2511.006,,,,,,,,,,,,,,49301000.0,75.928,,,,,112000000000.0,,
10367,2007,0.0,,9.039,0.0,,7.004,5.318,0.0,0.0,0.0,,,,,,,,,,,0.65,1637.336,,132.834,2676.974,,,,,,,,,,,,,,49621000.0,81.246,,,,,125000000000.0,,
10368,2008,0.0,,-11.004,0.0,,-8.327,-6.765,0.0,0.0,0.0,,,,,,,,,,,0.536,1491.713,,121.83,2440.018,,,,,,,,,,,,,,49930000.0,74.481,,,,,139000000000.0,,
10369,2009,0.0,,-8.306,0.0,,-7.636,-5.688,0.0,0.0,0.0,,,,,,,,,,,0.478,1369.028,,113.524,2259.18,,,,,,,,,,,,,,50250000.0,68.794,,,,,144000000000.0,,
10370,2010,0.0,,8.555,0.0,,1.557,1.071,0.0,0.0,0.0,,,,,,,,,,,0.399,1380.698,,122.079,2412.578,,,,,,,,,,,,,,50601000.0,69.865,,,,,175000000000.0,,
10371,2011,0.0,,3.421,0.0,,10.349,7.23,0.0,0.0,0.0,,,,,,,,,,,0.38,1511.933,,125.5,2461.225,,,,,,,,,,,,,,50991000.0,77.095,,,,,203000000000.0,,
10372,2012,0.0,,-0.389,0.0,,18.541,14.294,0.0,0.0,0.0,,,,,,,,,,,0.381,1777.518,,125.111,2433.406,,,,,,,,,,,,,,51414000.0,91.389,,,,,240000000000.0,,
10373,2013,0.0,,3.498,0.0,,13.435,12.279,0.0,0.0,0.0,,,,,,,,,,,0.388,1999.303,,128.61,2480.319,,,,,,,,,,,,,,51852000.0,103.668,,,,,267000000000.0,,
10374,2014,0.0,,36.823,0.0,,17.333,17.969,0.0,0.0,0.0,,,,,,,,,,,0.41,2326.593,,165.432,3164.286,,,,,,,,,,,,,,52281000.0,121.637,,,,,297000000000.0,,
10375,2015,0.0,,26.735,0.0,,12.75,15.509,0.0,0.0,0.0,,,,,,,,,,,0.43,2603.32,,192.167,3647.748,,,,,,,,,,,,,,52681000.0,137.145,,,,,319000000000.0,,
10376,2016,0.0,,-9.366,0.0,,9.964,13.665,0.0,0.0,0.0,,,,,,,,,,,0.445,2843.076,,182.801,3446.148,,,,,,,,,,,,,,53045000.0,150.811,,,,,339000000000.0,,
10377,2017,0.0,,-4.812,0.0,,,,0.0,0.0,0.0,,,,,,,,,,,,,,177.989,3334.19,,,,,,,,,,,,,,53383000.0,,,,,,,,
10378,2018,0.0,,-7.314,0.0,,,,0.0,0.0,0.0,,,,,,,,,,,,,,170.675,3177.824,,,,,,,,,,,,,,53708000.0,,,,,,,,
10379,2019,0.0,,0.0,0.0,,,,0.0,0.0,0.0,,,,,,,,,,,,,,170.675,3158.009,,,,,,,,,,,,,,54045000.0,,,,,,,,
