,Year,Coal production change (%),Coal production change (tWh),Gas production change (%),Oil production change (%),Oil production change (tWh),Energy consumption change (%),Energy consumption change (tWh),Biofuel consumption change (tWh),Biofuel consumption (tWh),Biofuel consumption per capita (kWh),Coal consumption (tWh),Coal production (tWh),Coal production per capita (kWh),Electricity generation (tWh),Hydro electricity generation (tWh),Nuclear electricity generation (tWh),Other renewable electricity (tWh),Renewables electricity generation (tWh),Solar electricity generation (tWh),Wind electricity generation (tWh),Energy consumption per GDP (kWh/$),Energy consumption per capita (kWh),Gas consumption (tWh),Gas production (tWh),Gas production per capita (kWh),Share of electricity consumption from hydro,Hydro electricity consumption per capita (kWh),Electricity consumption share from low carbon,Low carbon electricity generation (tWh),Low carbon electricity consumption (kWh),Share of electricity consumption from nuclear,Nuclear electricity consumption per capita (kWh),Oil energy consumption (tWh),Oil production (tWh),Oil production per capita (kWh),Other renewables consumption per capita (kWh),Share of consumption from other renewables,Electricity consumption per capita (kWh),Population,Primary energy consumption (tWh),Renewables consumption per capita (kWh),Share of consumption from renewables,Share of electricity consumption from solar,Solar consumption per capita (kWh),GDP,Share of electricity consumption from wind,Wind consumption per capita (kWh)
10771,1965,,,,,,,,,0.0,0.0,19.131,,,,,,,,,,2.137,31725.155,0.0,,,,,,,,,,32.636,,,,,,2627000.0,83.342,,,,,39003361280.0,,
10772,1966,,,,,,6.227,5.19,0.0,0.0,0.0,18.608,,,,,,,,,,2.118,33195.217,0.0,,,,,,,,,,36.134,,,,,,2667000.0,88.532,,,,,41798402048.0,,
10773,1967,,,,,,0.825,0.731,0.0,0.0,0.0,16.991,,,,,,,,,,2.211,33023.439,0.0,,,,,,,,,,37.952,,,,,,2703000.0,89.262,,,,,40363487232.0,,
10774,1968,,,,,,2.269,2.026,0.0,0.0,0.0,15.991,,,,,,,,,,2.256,33353.335,0.0,,,,,,,,,,38.996,,,,,,2737000.0,91.288,,,,,40471769088.0,,
10775,1969,,,,,,1.78,1.625,0.0,0.0,0.0,16.398,,,,,,,,,,2.067,33494.086,0.0,,,,,,,,,,40.505,,,,,,2774000.0,92.913,,,,,44950315008.0,,
10776,1970,,,,,,11.354,10.549,0.0,0.0,0.0,16.41,,,,,,,,,,2.372,36714.691,0.71,,,,,,,,,,47.61,,,,,,2818000.0,103.462,,,,,43619074048.0,,
10777,1971,,,,,,4.528,4.685,0.0,0.0,0.0,14.596,,,,,,,,,,2.375,37668.69,0.902,,,,,,,,,,49.177,,,,,,2871000.0,108.147,,,,,45534248960.0,,
10778,1972,,,,,,6.733,7.281,0.0,0.0,0.0,14.956,,,,,,,,,,2.412,39395.215,1.635,,,,,,,,,,52.943,,,,,,2930000.0,115.428,,,,,47854002176.0,,
10779,1973,,,,,,4.131,4.769,0.0,0.0,0.0,16.945,,,,,,,,,,2.355,40212.96,1.901,,,,,,,,,,55.963,,,,,,2989000.0,120.197,,,,,51034542080.0,,
10780,1974,,,,,,0.771,0.927,0.0,0.0,0.0,17.445,,,,,,,,,,2.307,39817.176,2.767,,,,,,,,,,53.832,,,,,,3042000.0,121.124,,,,,52499742720.0,,
10781,1975,,,,,,1.412,1.711,0.0,0.0,0.0,16.417,,,,,,,,,,2.374,39842.551,3.042,,,,,,,,,,52.124,,,,,,3083000.0,122.835,,,,,51740090368.0,,
10782,1976,,,,,,3.381,4.153,0.0,0.0,0.0,16.917,,,,,,,,,,2.349,40845.286,8.646,,,,,,,,,,53.552,,,,,,3109000.0,126.988,,,,,54065868800.0,,
10783,1977,,,,,,2.021,2.566,0.0,0.0,0.0,16.111,,,,,,,,,,2.522,41497.274,14.375,,,,,,,,,,53.571,,,,,,3122000.0,129.554,,,,,51371114496.0,,
10784,1978,,,,,,-1.265,-1.639,0.0,0.0,0.0,14.861,,,,,,,,,,2.528,40880.54,13.561,,,,,,,,,,51.322,,,,,,3129000.0,127.915,,,,,50599010304.0,,
10785,1979,,,,,,1.103,1.411,0.0,0.0,0.0,13.25,,,,,,,,,,2.572,41252.48,8.696,,,,,,,,,,51.82,,,,,,3135000.0,129.327,,,,,50279190528.0,,
10786,1980,,,,,,0.266,0.345,0.0,0.0,0.0,13.628,,,,,,,,,,2.578,41204.686,7.897,,,,,,,,,,49.766,,,,,,3147000.0,129.671,,,,,50307899392.0,,
10787,1981,,,,,,0.069,0.089,0.0,0.0,0.0,13.578,14.473,4572.742,,,,,,,,2.501,40998.455,9.921,,,,,,,,,,47.097,,,,,,3165000.0,129.76,,,,,51890020352.0,,
10788,1982,1.104,0.16,,,,3.487,4.525,0.0,0.0,0.0,13.311,14.633,4588.435,,,,,,,,2.519,42108.82,18.456,,,,,,,,,,47.093,,,,,,3189000.0,134.285,,,,,53308907520.0,,
10789,1983,10.894,1.594,,,,3.934,5.283,0.0,0.0,0.0,14.749,16.227,5045.577,,,,,,,,2.484,43397.968,20.05,,,,,,,,,,45.274,,,,,,3216000.0,139.568,,,,,56190726144.0,,
10790,1984,3.231,0.524,,,,5.495,7.67,0.0,0.0,0.0,13.717,16.751,5165.221,,,,,,,,2.505,45401.596,25.912,,,,,,,,,,45.953,,,,,,3243000.0,147.237,,,,,58786848768.0,,
10791,1985,-4.395,-0.736,,,,1.207,1.777,0.0,0.0,0.0,12.666,16.015,4900.446,28.465,19.708,0.0,1.691,21.399,0.0,0.0,2.566,45597.948,33.376,,,69.235,6030.556,75.176,21.399,6547.959,0.0,0.0,43.531,,,517.403,5.94,8710.214,3268000.0,149.014,6547.959,75.176,0.0,0.0,58063630336.0,0.0,0.0
10792,1986,4.27,0.684,,,,8.352,12.445,0.0,0.0,0.0,14.557,16.698,5075.529,29.345,22.098,0.0,1.764,23.861,0.0,0.0,2.623,49075.832,40.623,,,75.303,6716.625,81.313,23.861,7252.704,0.0,0.0,39.998,,,536.079,6.01,8919.475,3290000.0,161.459,7252.704,81.313,0.0,0.0,61557923840.0,0.0,0.0
10793,1987,-13.018,-2.174,,,,1.97,3.181,0.0,0.0,0.0,12.15,14.525,4386.816,29.753,21.929,0.0,1.759,23.687,0.0,0.0,2.588,49725.419,39.191,,,73.703,6622.94,79.614,23.687,7154.068,0.0,0.0,47.502,,,531.128,5.911,8985.985,3311000.0,164.641,7154.068,79.614,0.0,0.0,63627665408.0,0.0,0.0
10794,1988,12.526,1.819,,,,4.001,6.587,0.0,0.0,0.0,13.166,16.344,4903.746,31.086,22.963,0.0,1.768,24.731,0.0,0.0,2.562,51373.496,43.143,,,73.868,6889.486,79.555,24.731,7419.923,0.0,0.0,46.222,,,530.437,5.687,9326.791,3333000.0,171.228,7419.923,79.555,0.0,0.0,66823401472.0,0.0,0.0
10795,1989,13.412,2.192,,,,-9.95,-17.037,0.0,0.0,0.0,14.334,18.536,5515.116,31.358,22.559,0.0,2.261,24.82,0.0,0.0,2.263,45876.551,24.015,,,71.94,6711.948,79.15,24.82,7384.64,0.0,0.0,46.898,,,672.691,7.21,9329.961,3361000.0,154.191,7384.64,79.15,0.0,0.0,68147773440.0,0.0,0.0
10796,1990,-6.002,-1.113,,,,18.132,27.957,0.0,0.0,0.0,13.928,17.424,5127.648,32.264,23.185,0.0,2.609,25.794,0.0,0.0,2.674,53604.63,44.472,,,71.861,6823.22,79.946,25.794,7590.889,0.0,0.0,52.098,,,767.668,8.085,9495.075,3398000.0,182.149,7590.889,79.946,0.0,0.0,68126371840.0,0.0,0.0
10797,1991,4.909,0.855,,,,2.098,3.822,0.0,0.0,0.0,13.281,18.279,5304.455,33.297,22.894,0.0,2.785,25.68,0.0,0.0,2.827,53966.933,48.369,,,68.758,6643.78,77.123,25.68,7452.012,0.0,0.0,52.988,,,808.232,8.365,9662.489,3446000.0,185.97,7452.012,77.123,0.0,0.0,65786654720.0,0.0,0.0
10798,1992,13.872,2.536,,,,0.176,0.328,0.0,0.0,0.0,14.624,20.815,5941.99,32.898,21.093,0.0,2.761,23.854,0.0,0.001,2.724,53182.441,51.184,,,64.116,6021.315,72.511,23.854,6809.724,0.0,0.0,54.228,,,788.212,8.393,9391.285,3503000.0,186.298,6809.724,72.511,0.0,0.0,68395048960.0,0.002,0.197
10799,1993,12.847,2.674,,,,3.075,5.728,0.0,0.0,0.0,14.406,23.489,6590.567,34.275,23.493,0.0,2.883,26.377,0.0,0.001,2.663,53879.369,49.925,,,68.542,6591.722,76.957,26.377,7400.981,0.0,0.0,54.425,,,808.982,8.412,9617.068,3564000.0,192.026,7400.981,76.957,0.0,0.0,72112357376.0,0.003,0.277
10800,1994,-8.177,-1.921,,,,5.321,10.217,0.0,0.0,0.0,13.618,21.568,5953.079,34.852,25.837,0.0,2.737,28.575,0.0,0.001,2.588,55822.081,46.796,,,74.134,7131.405,81.989,28.575,7887.034,0.0,0.0,62.455,,,755.35,7.852,9619.63,3623000.0,202.243,7887.034,81.989,0.0,0.0,78153285632.0,0.003,0.279
10801,1995,22.625,4.88,,,,3.854,7.795,0.0,0.0,0.0,13.655,26.448,7196.663,36.061,27.535,0.0,2.682,30.217,0.0,0.001,2.562,57153.298,44.656,,,76.356,7492.451,83.795,30.217,8222.421,0.0,0.0,67.789,,,729.695,7.436,9812.561,3675000.0,210.038,8222.421,83.795,0.0,0.0,81966850048.0,0.003,0.275
10802,1996,2.102,0.556,,,,1.527,3.206,0.0,0.0,0.0,13.458,27.004,7264.886,36.473,26.183,0.0,2.625,28.817,0.0,0.008,2.525,57370.1,50.9,,,71.787,7044.103,79.008,28.817,7752.691,0.0,0.0,68.841,,,706.348,7.198,9812.504,3717000.0,213.245,7752.691,79.008,0.0,0.0,84461658112.0,0.023,2.24
10803,1997,-5.909,-1.596,,,,0.145,0.31,0.0,0.0,0.0,14.528,25.408,6771.806,37.109,23.258,0.0,2.717,25.989,0.0,0.014,2.415,56917.549,54.829,,,62.675,6198.87,70.035,25.989,6926.743,0.0,0.0,72.005,,,724.25,7.323,9890.45,3752000.0,213.555,6926.743,70.035,0.0,0.0,88444821504.0,0.037,3.623
10804,1998,-13.15,-3.341,,,,0.069,0.147,0.0,0.0,0.0,13.247,22.067,5831.593,37.611,25.319,0.0,3.085,28.427,0.0,0.022,2.358,56475.008,48.338,,,67.319,6691.156,75.582,28.427,7512.384,0.0,0.0,73.153,,,815.396,8.204,9939.407,3784000.0,213.701,7512.384,75.582,0.0,0.0,90629595136.0,0.059,5.832
10805,1999,15.44,3.407,,,,0.984,2.104,0.0,0.0,0.0,13.571,25.474,6672.056,37.818,22.92,0.0,3.309,26.268,0.0,0.039,2.261,56523.132,55.259,,,60.605,6003.021,69.458,26.268,6879.935,0.0,0.0,74.009,,,866.701,8.75,9905.222,3818000.0,215.805,6879.935,69.458,0.0,0.0,95428698112.0,0.103,10.213
10806,2000,-0.388,-0.099,,,,4.32,9.324,0.0,0.0,0.0,12.86,25.375,6575.572,38.332,24.189,0.0,3.572,27.881,0.0,0.12,2.289,58338.667,58.778,,,63.104,6268.204,72.736,27.881,7224.929,0.0,0.0,75.617,,,925.628,9.319,9933.123,3859000.0,225.129,7224.929,72.736,0.0,0.0,98350137344.0,0.313,31.096
10807,2001,13.616,3.455,,,,-0.745,-1.677,0.0,0.0,0.0,15.927,28.83,7377.243,38.489,21.462,0.0,3.379,24.98,0.0,0.139,2.212,57177.998,62.017,,,55.762,5491.812,64.902,24.98,6392.016,0.0,0.0,76.169,,,864.637,8.779,9848.705,3908000.0,223.452,6392.016,64.902,0.0,0.0,101000000000.0,0.361,35.568
10808,2002,14.966,4.315,,,,3.439,7.685,0.0,0.0,0.0,15.919,33.145,8363.633,39.681,24.667,0.0,3.296,28.118,0.0,0.155,2.201,58323.529,59.208,,,62.163,6224.325,70.86,28.118,7095.13,0.0,0.0,78.675,,,831.693,8.306,10012.854,3963000.0,231.136,7095.13,70.86,0.0,0.0,105000000000.0,0.391,39.112
10809,2003,13.546,4.49,,,,-2.93,-6.773,0.0,0.0,0.0,22.974,37.635,9357.301,39.708,23.384,0.0,3.229,26.759,0.0,0.146,2.097,55784.04,44.671,,,58.889,5814.023,67.389,26.759,6653.158,0.0,0.0,83.491,,,802.834,8.132,9872.81,4022000.0,224.363,6653.158,67.389,0.0,0.0,107000000000.0,0.368,36.3
10810,2004,1.104,0.415,,,,3.197,7.173,0.0,0.0,0.0,23.739,38.05,9326.08,41.518,26.657,0.0,3.339,30.357,0.0,0.361,2.144,56749.15,40.761,,,64.206,6533.578,73.118,30.357,7440.441,0.0,0.0,83.619,,,818.382,8.042,10175.887,4080000.0,231.537,7440.441,73.118,0.0,0.0,108000000000.0,0.87,88.48
10811,2005,1.788,0.68,,,,-3.209,-7.43,0.0,0.0,0.0,26.427,38.731,9366.604,41.813,23.092,0.0,3.738,27.444,0.0,0.614,2.037,54197.493,37.607,,,55.227,5584.522,65.635,27.444,6637.001,0.0,0.0,85.91,,,903.99,8.94,10111.932,4135000.0,224.107,6637.001,65.635,0.0,0.0,110000000000.0,1.468,148.489
10812,2006,7.605,2.945,,,,0.861,1.929,0.0,0.0,0.0,26.022,41.676,9956.131,42.437,23.336,0.0,3.992,27.95,0.0,0.622,2.018,53997.912,38.195,,,54.989,5574.773,65.862,27.95,6677.019,0.0,0.0,86.751,,,953.655,9.407,10137.907,4186000.0,226.035,6677.019,65.862,0.0,0.0,112000000000.0,1.466,148.591
10813,2007,-16.805,-7.004,,,,-0.184,-0.415,0.0,0.0,0.0,19.721,34.673,8191.046,42.61,23.403,0.0,4.173,28.505,0.0,0.929,1.865,53300.273,42.214,,,54.924,5528.703,66.898,28.505,6733.995,0.0,0.0,87.557,,,985.826,9.794,10066.076,4233000.0,225.62,6733.995,66.898,0.0,0.0,121000000000.0,2.18,219.466
10814,2008,0.182,0.063,,,,0.269,0.606,0.0,0.0,0.0,24.472,34.736,8119.604,42.672,22.112,0.0,4.824,27.993,0.0,1.057,1.854,52881.352,39.115,,,51.818,5168.77,65.6,27.993,6543.478,0.0,0.0,88.334,,,1127.63,11.305,9974.764,4278000.0,226.226,6543.478,65.6,0.0,0.0,122000000000.0,2.477,247.078
10815,2009,-6.971,-2.421,,,,-0.27,-0.611,0.0,0.0,0.0,18.819,32.314,7474.945,42.474,23.979,0.0,5.515,30.97,0.0,1.476,1.777,52189.596,40.218,,,56.456,5546.842,72.916,30.97,7164.006,0.0,0.0,84.913,,,1275.734,12.984,9825.057,4323000.0,225.616,7164.006,72.916,0.0,0.0,127000000000.0,3.475,341.43
10816,2010,19.385,6.264,,,,2.219,5.006,0.0,0.0,0.0,16.072,38.578,8827.962,43.537,24.479,0.0,6.181,32.285,0.004,1.621,1.734,52773.918,44.068,,,56.226,5601.602,74.156,32.285,7387.872,0.0,0.0,84.957,,,1414.416,14.197,9962.654,4370000.0,230.622,7387.872,74.156,0.009,0.915,133000000000.0,3.723,370.938
10817,2011,-7.705,-2.972,,,,0.36,0.831,0.0,0.0,0.0,16.27,35.606,8057.456,43.165,24.86,0.0,6.431,33.233,0.004,1.938,1.677,52376.782,40.216,,,57.593,5625.707,76.991,33.233,7520.48,0.0,0.0,87.448,,,1455.307,14.899,9768.056,4419000.0,231.453,7520.48,76.991,0.009,0.905,138000000000.0,4.49,438.561
10818,2012,-0.777,-0.276,,,,0.572,1.323,0.0,0.0,0.0,20.272,35.329,7907.21,42.916,22.668,0.0,6.492,31.223,0.005,2.058,1.687,52098.469,44.647,,,52.82,5073.411,72.754,31.223,6988.138,0.0,0.0,86.052,,,1452.999,15.127,9605.116,4468000.0,232.776,6988.138,72.754,0.012,1.119,138000000000.0,4.795,460.609
10819,2013,-5.1,-1.802,,,,0.321,0.747,0.0,0.0,0.0,17.878,33.528,7419.28,41.972,22.799,0.0,6.722,31.53,0.007,2.002,1.622,51675.785,46.827,,,54.32,5045.143,75.122,31.53,6977.207,0.0,0.0,86.734,,,1487.497,16.016,9287.789,4519000.0,233.523,6977.207,75.122,0.017,1.549,144000000000.0,4.77,443.018
10820,2014,-14.408,-4.831,,,,4.768,11.135,0.0,0.0,0.0,16.51,28.697,6282.184,42.317,24.075,0.0,7.545,33.827,0.018,2.189,1.653,53559.134,52.166,,,56.892,5270.359,79.937,33.827,7405.21,0.0,0.0,88.405,,,1651.708,17.83,9263.809,4568000.0,244.658,7405.21,79.937,0.043,3.94,148000000000.0,5.173,479.203
10821,2015,-17.391,-4.991,,,,0.962,2.353,0.0,0.0,0.0,16.673,23.706,5136.776,42.986,24.285,0.0,8.093,34.754,0.036,2.34,1.614,53523.525,48.658,,,56.496,5262.189,80.85,34.754,7530.661,0.0,0.0,92.209,,,1753.629,18.827,9314.319,4615000.0,247.011,7530.661,80.85,0.084,7.801,153000000000.0,5.444,507.042
10822,2016,-16.135,-3.825,,,,0.6,1.482,0.0,0.0,0.0,13.796,19.881,4267.254,42.559,25.663,0.0,8.109,36.135,0.056,2.307,1.563,53336.116,47.974,,,60.3,5508.264,84.906,36.135,7755.956,0.0,0.0,94.278,,,1740.502,19.054,9134.784,4659000.0,248.493,7755.956,84.906,0.132,12.02,159000000000.0,5.421,495.171
10823,2017,1.232,0.245,,,,1.298,3.226,0.0,0.0,0.0,14.536,20.126,4280.313,42.972,24.928,0.0,8.107,35.176,0.075,2.066,,53534.502,49.352,,,58.009,5301.574,81.857,35.176,7481.072,0.0,0.0,98.333,,,1724.16,18.866,9139.166,4702000.0,251.719,7481.072,81.857,0.175,15.951,,4.808,439.387
10824,2018,11.165,2.247,,,,-0.892,-2.246,0.0,0.0,0.0,15.088,22.373,4717.059,43.204,26.027,0.0,8.147,36.319,0.098,2.047,,52598.183,44.09,,,60.241,5487.455,84.063,36.319,7657.39,0.0,0.0,98.777,,,1717.689,18.857,9109.108,4743000.0,249.473,7657.39,84.063,0.227,20.662,,4.738,431.583
10825,2019,-5.84,-1.306,,,,2.044,5.1,0.0,0.0,0.0,17.235,21.067,4404.459,43.422,25.327,0.0,8.097,35.769,0.123,2.222,,53224.651,47.996,,,58.328,5295.248,82.376,35.769,7478.412,0.0,0.0,99.191,,,1692.871,18.647,9078.357,4783000.0,254.574,7478.412,82.376,0.283,25.716,,5.117,464.577
10826,2020,,,,,,,,,,,,,,42.819,24.186,0.0,8.118,34.736,0.145,2.287,,,,,,56.485,5015.551,81.124,34.736,7203.368,0.0,0.0,,,,1683.542,18.96,8879.464,,,7203.368,81.124,0.338,30.05,,5.341,474.226
