,Year,Coal production change (%),Coal production change (tWh),Gas production change (%),Oil production change (%),Oil production change (tWh),Energy consumption change (%),Energy consumption change (tWh),Biofuel consumption change (tWh),Biofuel consumption (tWh),Biofuel consumption per capita (kWh),Coal consumption (tWh),Coal production (tWh),Coal production per capita (kWh),Electricity generation (tWh),Hydro electricity generation (tWh),Nuclear electricity generation (tWh),Other renewable electricity (tWh),Renewables electricity generation (tWh),Solar electricity generation (tWh),Wind electricity generation (tWh),Energy consumption per GDP (kWh/$),Energy consumption per capita (kWh),Gas consumption (tWh),Gas production (tWh),Gas production per capita (kWh),Share of electricity consumption from hydro,Hydro electricity consumption per capita (kWh),Electricity consumption share from low carbon,Low carbon electricity generation (tWh),Low carbon electricity consumption (kWh),Share of electricity consumption from nuclear,Nuclear electricity consumption per capita (kWh),Oil energy consumption (tWh),Oil production (tWh),Oil production per capita (kWh),Other renewables consumption per capita (kWh),Share of consumption from other renewables,Electricity consumption per capita (kWh),Population,Primary energy consumption (tWh),Renewables consumption per capita (kWh),Share of consumption from renewables,Share of electricity consumption from solar,Solar consumption per capita (kWh),GDP,Share of electricity consumption from wind,Wind consumption per capita (kWh)
11268,1900,,,,,,,,,,,,0.0,0.0,,,,,,,,,,,,,,,,,,,,,,,,,,5124045.0,,,,,,,,
11269,1901,,0.0,,,,,,,,,,0.0,0.0,,,,,,,,,,,,,,,,,,,,,,,,,,5140792.0,,,,,,,,
11270,1902,,0.0,,,,,,,,,,0.0,0.0,,,,,,,,,,,,,,,,,,,,,,,,,,5157553.0,,,,,,,,
11271,1903,,0.0,,,,,,,,,,0.0,0.0,,,,,,,,,,,,,,,,,,,,,,,,,,5174390.0,,,,,,,,
11272,1904,,0.0,,,,,,,,,,0.0,0.0,,,,,,,,,,,,,,,,,,,,,,,,,,5191273.0,,,,,,,,
11273,1905,,0.049,,,,,,,,,,0.049,9.379,,,,,,,,,,,,,,,,,,,,,,,,,,5208202.0,,,,,,,,
11274,1906,-100.0,-0.049,,,,,,,,,,0.0,0.0,,,,,,,,,,,,,,,,,,,,,,,,,,5225176.0,,,,,,,,
11275,1907,,0.0,,,,,,,,,,0.0,0.0,,,,,,,,,,,,,,,,,,,,,,,,,,5242151.0,,,,,,,,
11276,1908,,0.0,,,,,,,,,,0.0,0.0,,,,,,,,,,,,,,,,,,,,,,,,,,5259217.0,,,,,,,,
11277,1909,,0.488,,,,,,,,,,0.488,92.576,,,,,,,,,,,,,,,,,,,,,,,,,,5276329.0,,,,,,,,
11278,1910,23.333,0.114,,,,,,,,,,0.602,113.807,,,,,,,,,,,,,,,,,,,,,,,,,,5293488.0,,,,,,,,
11279,1911,18.919,0.114,,,,,,,,,,0.716,134.9,,,,,,,,,,,,,,,,,,,,,,,,,,5310679.0,,,,,,,,
11280,1912,25.0,0.179,,,,,,,,,,0.896,168.079,,,,,,,,,,,,,,,,,,,,,,,,,,5327930.0,,,,,,,,
11281,1913,16.364,0.147,,,,,,,,,,1.042,193.861,,,,,,,,,,,,,,,,,,,,,,,,,,5375228.0,,,,,,1738434944.0,,
11282,1914,42.969,0.448,,,,,,,,,,1.49,273.192,,,,,,,,,,,,,,,,,,,,,,,,,,5453314.0,,,,,,,,
11283,1915,25.137,0.374,,,,,,,,,,1.864,335.127,,,,,,,,,,,,,,,,,,,,,,,,,,5562943.0,,,,,,,,
11284,1916,-16.594,-0.309,,,,,,,,,,1.555,274.008,,,,,,,,,,,,,,,,,,,,,,,,,,5674767.0,,,,,,,,
11285,1917,-100.0,-1.555,,,,,,,,,,0.0,0.0,,,,,,,,,,,,,,,,,,,,,,,,,,5788827.0,,,,,,,,
11286,1918,,1.531,,,,,,,,,,1.531,259.639,,,,,,,,,,,,,,,,,,,,,,,,,,5894760.0,,,,,,,,
11287,1919,18.617,0.285,,,,,,,,,,1.815,302.308,,,,,,,,,,,,,,,,,,,,,,,,,,6005281.0,,,,,,,,
11288,1920,29.596,0.537,,,,,,,,,,2.353,384.57,,,,,,,,,,,,,,,,,,,,,,,,,,6117874.0,,,,,,,,
11289,1921,7.612,0.179,,,,,,,,,,2.532,406.229,,,,,,,,,,,,,,,,,,,,,,,,,,6232579.0,,,,,,,,
11290,1922,1.929,0.049,,,,,,,,,,2.581,406.446,,,,,,,,,,,,,,,,,,,,,,,,,,6349434.0,,,,,,,,
11291,1923,19.874,0.513,,,,,,,,,,3.094,478.255,,,,,,,,,,,,,,,,,,,,,,,,,,6468480.0,,,,,,,,
11292,1924,5.0,0.155,,,,,,,,,,3.248,492.926,,,,,,,,,,,,,,,,,,,,,,,,,,6589757.0,,,,,,,,
11293,1925,59.148,1.921,,,,,,,,,,5.17,770.043,,,,,,,,,,,,,,,,,,,,,,,,,,6713309.0,,,,,,,,
11294,1926,7.559,0.391,,,,,,,,,,5.56,813.008,,,,,,,,,,,,,,,,,,,,,,,,,,6839177.0,,,,,,,,
11295,1927,3.807,0.212,,,,,,,,,,5.772,828.425,,,,,,,,,,,,,,,,,,,,,,,,,,6967406.0,,,,,,,,
11296,1928,15.092,0.871,,,,,,,,,,6.643,935.901,,,,,,,,,,,,,,,,,,,,,,,,,,7098038.0,,,,,,,,
11297,1929,14.951,0.993,,,,,,,,,,7.636,1056.028,,,,,,,,,,,,,,,,,,,,,,,,,,7231119.0,,,,,,,,
11298,1930,-5.757,-0.44,,,,,,,,,,7.197,976.917,,,,,,,,,,,,,,,,,,,,,,,,,,7366696.0,,,,,,,,
11299,1931,5.882,0.423,,,,,,,,,,7.62,1015.346,,,,,,,,,,,,,,,,,,,,,,,,,,7504815.0,,,,,,,,
11300,1932,17.949,1.368,,,,,,,,,,8.988,1175.547,,,,,,,,,,,,,,,,,,,,,,,,,,7645523.0,,,,,,,,
11301,1933,17.844,1.604,,,,,,,,,,10.591,1359.819,,,,,,,,,,,,,,,,,,,,,,,,,,7788869.0,,,,,,,,
11302,1934,29.823,3.159,,,,,,,,,,13.75,1732.871,,,,,,,,,,,,,,,,,,,,,,,,,,7934903.0,,,,,,,,
11303,1935,15.394,2.117,,,,,,,,,,15.867,1962.823,,,,,,,,,,,,,,,,,,,,,,,,,,8083675.0,,,,,,,,
11304,1936,17.086,2.711,,,,,,,,,,18.578,2255.889,,,,,,,,,,,,,,,,,,,,,,,,,,8235236.0,,,,,,,,
11305,1937,6.529,1.213,,,,,,,,,,19.791,2358.956,,,,,,,,,,,,,,,,,,,,,,,,,,8389639.0,,,,,,,,
11306,1938,40.642,8.043,,,,,,,,,,27.834,3256.617,,,,,,,,,,,,,,,,,,,,,,,,,,8546937.0,,,,,,,,
11307,1939,23.984,6.676,,,,,,,,,,34.51,3963.362,,,,,,,,,,,,,,,,,,,,,,,,,,8707184.0,,,,,,,,
11308,1940,35.433,12.228,,,,,,,,,,46.738,5268.909,,,,,,,,,,,,,,,,,,,,,,,,,,8870436.0,,,,,,,,
11309,1941,7.264,3.395,,,,,,,,,,50.132,5547.606,,,,,,,,,,,,,,,,,,,,,,,,,,9036748.0,,,,,,,,
11310,1942,11.189,5.609,,,,,,,,,,55.741,6054.79,,,,,,,,,,,,,,,,,,,,,,,,,,9206178.0,,,,,,,,
11311,1943,-3.783,-2.109,,,,,,,,,,53.633,5718.539,,,,,,,,,,,,,,,,,,,,,,,,,,9378786.0,,,,,,,,
11312,1944,6.998,3.753,,,,,,,,,,57.386,6006.089,,,,,,,,,,,,,,,,,,,,,,,,,,9554629.0,,,,,,,,
11313,1945,-100.0,-57.386,,,,,,,,,,0.0,0.0,,,,,,,,,,,,,,,,,,,,,,,,,,9733769.0,,,,,,,,
11314,1946,,0.0,,,,,,,,,,0.0,0.0,,,,,,,,,,,,,,,,,,,,,,,,,,9916268.0,,,,,,,,
11315,1947,,0.0,,,,,,,,,,0.0,0.0,,,,,,,,,,,,,,,,,,,,,,,,,,10102189.0,,,,,,,,
11316,1948,,4.705,,,,,,,,,,4.705,457.127,,,,,,,,,,,,,,,,,,,,,,,,,,10291595.0,,,,,,,,
11317,1949,26.849,1.263,,,,,,,,,,5.968,569.188,,,,,,,,,,,,,,,,,,,,,,,,,,10484553.0,,,,,,,,
11318,1950,-6.524,-0.389,,,,,,,,,,5.578,528.807,,,,,,,,,,,,,,,,,,,,,,,,,,10549000.0,,,,,,5909903872.0,,
11319,1951,-73.214,-4.084,,,,,,,,,,1.494,145.794,,,,,,,,,,,,,,,,,,,,,,,,,,10249000.0,,,,,,4748506112.0,,
11320,1952,4.77,0.071,,,,,,,,,,1.566,155.788,,,,,,,,,,,,,,,,,,,,,,,,,,10049000.0,,,,,,4881249792.0,,
11321,1953,139.61,2.186,,,,,,,,,,3.751,376.733,,,,,,,,,,,,,,,,,,,,,,,,,,9957000.0,,,,,,6067363840.0,,
11322,1954,221.71,8.317,,,,,,,,,,12.068,1210.166,,,,,,,,,,,,,,,,,,,,,,,,,,9972000.0,,,,,,6356599808.0,,
11323,1955,66.304,8.001,,,,,,,,,,20.069,1989.607,,,,,,,,,,,,,,,,,,,,,,,,,,10087000.0,,,,,,6824509952.0,,
11324,1956,21.68,4.351,,,,,,,,,,24.42,2374.113,,,,,,,,,,,,,,,,,,,,,,,,,,10286000.0,,,,,,6922764800.0,,
11325,1957,26.371,6.44,,,,,,,,,,30.86,2925.938,,,,,,,,,,,,,,,,,,,,,,,,,,10547000.0,,,,,,7510365184.0,,
11326,1958,42.045,12.975,,,,,,,,,,43.835,4042.332,,,,,,,,,,,,,,,,,,,,,,,,,,10844000.0,,,,,,7942197248.0,,
11327,1959,-65.97,-28.918,,,,,,,,,,14.917,1338.467,,,,,,,,,,,,,,,,,,,,,,,,,,11145000.0,,,,,,8274357248.0,,
11328,1960,350.632,52.304,,,,,,,,,,67.222,5884.25,,,,,,,,,,,,,,,,,,,,,,,,,,11424000.0,,,,,,8441984000.0,,
11329,1961,10.833,7.282,,,,,,,,,,74.504,6386.391,,,,,,,,,,,,,,,,,,,,,,,,,,11666000.0,,,,,,8806907904.0,,
11330,1962,16.012,11.929,,,,,,,,,,86.433,7280.413,,,,,,,,,,,,,,,,,,,,,,,,,,11872000.0,,,,,,9010159616.0,,
11331,1963,7.101,6.138,,,,,,,,,,92.571,7672.654,,,,,,,,,,,,,,,,,,,,,,,,,,12065000.0,,,,,,9786695680.0,,
11332,1964,9.67,8.952,,,,,,,,,,101.522,8265.952,,,,,,,,,,,,,,,,,,,,,,,,,,12282000.0,,,,,,10639339520.0,,
11333,1965,26.462,26.865,,,,,,,,,,128.388,10231.73,,,,,,,,,,,,,,,,,,,,,,,,,,12548000.0,,,,,,11329907712.0,,
11334,1966,8.05,10.335,,,,,,,,,,138.723,10782.958,,,,,,,,,,,,,,,,,,,,,,,,,,12865000.0,,,,,,12756458496.0,,
11335,1967,9.707,13.465,,,,,,,,,,152.188,11509.338,,,,,,,,,,,,,,,,,,,,,,,,,,13223000.0,,,,,,13801488384.0,,
11336,1968,18.394,27.993,,,,,,,,,,180.181,13238.856,,,,,,,,,,,,,,,,,,,,,,,,,,13610000.0,,,,,,15701099520.0,,
11337,1969,7.925,14.279,,,,,,,,,,194.46,13880.096,,,,,,,,,,,,,,,,,,,,,,,,,,14010000.0,,,,,,18267648000.0,,
11338,1970,0.452,0.879,,,,,,,,,,195.339,13555.821,,,,,,,,,,,,,,,,,,,,,,,,,,14410000.0,,,,,,20080535552.0,,
11339,1971,5.803,11.336,,,,,,,,,,206.676,13955.147,,,,,,,,,,,,,,,,,,,,,,,,,,14810000.0,,,,,,22168201216.0,,
11340,1972,17.696,36.573,,,,,,,,,,243.249,15994.819,,,,,,,,,,,,,,,,,,,,,,,,,,15208000.0,,,,,,24482971648.0,,
11341,1973,9.423,22.921,,,,,,,,,,266.17,17069.852,,,,,,,,,,,,,,,,,,,,,,,,,,15593000.0,,,,,,27029590016.0,,
11342,1974,4.118,10.962,,,,,,,,,,277.132,17372.873,,,,,,,,,,,,,,,,,,,,,,,,,,15952000.0,,,,,,29833799680.0,,
11343,1975,4.182,11.589,,,,,,,,,,288.721,17740.141,,,,,,,,,,,,,,,,,,,,,,,,,,16275000.0,,,,,,32940797952.0,,
11344,1976,2.82,8.141,,,,,,,,,,296.862,17931.852,,,,,,,,,,,,,,,,,,,,,,,,,,16555000.0,,,,,,34282575872.0,,
11345,1977,2.742,8.141,,,,,,,,,,305.003,18158.172,,,,,,,,,,,,,,,,,,,,,,,,,,16797000.0,,,,,,35693264896.0,,
11346,1978,2.669,8.141,,,,,,,,,,313.144,18402.904,,,,,,,,,,,,,,,,,,,,,,,,,,17016000.0,,,,,,37160640512.0,,
11347,1979,0.5,1.567,,,,,,,,,,314.711,18258.932,,,,,,,,,,,,,,,,,,,,,,,,,,17236000.0,,,,,,38689247232.0,,
11348,1980,-28.544,-89.831,,,,,,,,,,224.88,12870.874,,,,,,,,6.749,15551.076,,,,,,,,,,,,,,,,,17472000.0,271.708,,,,,40257851392.0,,
11349,1981,4.082,9.179,,,,3.938,10.7,,,,,234.059,13200.53,,,,,,,,6.765,15927.381,,,,,,,,,,,,,,,,,17731000.0,282.408,,,,,41748348928.0,,
11350,1982,5.08,11.889,,,,4.442,12.545,,,,,245.948,13656.928,,,,,,,,6.812,16378.103,,,,,,,,,,,,,,,,,18009000.0,294.953,,,,,43300225024.0,,
11351,1983,1.12,2.755,,,,4.55,13.419,,,,,248.702,13591.77,,,,,,,,6.868,16852.781,,,,,,,,,,,,,,,,,18298000.0,308.372,,,,,44899495936.0,,
11352,1984,2.537,6.311,,,,2.886,8.898,,,,,255.013,13717.74,,,,,,,,6.813,17066.737,,,,,,,,,,,,,,,,,18590000.0,317.271,,,,,46565888000.0,,
11353,1985,-21.051,-53.683,,,,-14.668,-46.539,,,,,201.33,10665.336,,,,,,,,5.607,14341.899,,,,,,,,,,,,,,,,,18877000.0,270.732,,,,,48282685440.0,,
11354,1986,-0.714,-1.438,,,,0.942,2.551,,,,,199.891,10434.382,,,,,,,,5.58,14265.435,,,,,,,,,,,,,,,,,19157000.0,273.283,,,,,48971583488.0,,
11355,1987,-0.714,-1.428,,,,-1.467,-4.01,,,,,198.464,10213.238,,,,,,,,5.423,13857.186,,,,,,,,,,,,,,,,,19432000.0,269.273,,,,,49653297152.0,,
11356,1988,20.593,40.87,,,,17.269,46.5,,,,,239.334,12144.004,,,,,,,,6.271,16022.571,,,,,,,,,,,,,,,,,19708000.0,315.773,,,,,50351644672.0,,
11357,1989,-22.756,-54.464,,,,-17.041,-53.811,,,,,184.87,9246.285,,,,,,,,5.132,13102.006,,,,,,,,,,,,,,,,,19994000.0,261.962,,,,,51041517568.0,,
11358,1990,33.216,61.406,,,,2.146,5.622,,,,,246.276,12135.998,,,,,,,,5.477,13186.021,,,,,,,,,,,,,,,,,20293000.0,267.584,,,,,48857440256.0,,
11359,1991,-6.184,-15.23,,,,-0.406,-1.085,,,,,231.046,11210.931,,,,,,,,5.706,12931.186,,,,,,,,,,,,,,,,,20609000.0,266.499,,,,,46704373760.0,,
11360,1992,-6.109,-14.115,,,,-15.543,-41.422,,,,,216.931,10361.118,,,,,,,,5.188,10750.201,,,,,,,,,,,,,,,,,20937000.0,225.077,,,,,43380736000.0,,
11361,1993,-7.192,-15.601,,,,9.4,21.157,,,,,201.33,9467.203,,,,,,,,5.941,11578.772,,,,,,,,,,,,,,,,,21266000.0,246.234,,,,,41444085760.0,,
11362,1994,-6.273,-12.63,,,,-2.056,-5.063,,,,,188.7,8745.018,,,,,,,,5.943,11176.7,,,,,,,,,,,,,,,,,21578000.0,241.171,,,,,40579162112.0,,
11363,1995,-6.693,-12.63,,,,16.685,40.238,,,,,176.07,8053.722,,,,,,,,7.253,12872.064,,,,,,,,,,,,,,,,,21862000.0,281.409,,,,,38797783040.0,,
11364,1996,-11.392,-20.059,,,,-4.279,-12.041,,,,,156.012,7055.208,,,,,,,,7.182,12181.432,,,,,,,,,,,,,,,,,22113000.0,269.368,,,,,37504319488.0,,
11365,1997,-1.905,-2.972,,,,-3.323,-8.952,,,,,153.04,6852.034,,,,,,,,7.429,11659.571,,,,,,,,,,,,,,,,,22335000.0,260.417,,,,,35055964160.0,,
11366,1998,-9.709,-14.858,,,,-11.349,-29.555,,,,,138.182,6131.335,,,,,,,,6.646,10243.684,,,,,,,,,,,,,,,,,22537000.0,230.862,,,,,34736234496.0,,
11367,1999,13.978,19.316,,,,28.365,65.485,,,,,157.498,6928.76,,,,,,,,8.042,13037.127,,,,,,,,,,,,,,,,,22731000.0,296.347,,,,,36850814976.0,,
11368,2000,6.132,9.658,,,,-11.812,-35.005,,,,,167.156,7290.136,18.746,10.098,0.0,0.0,10.098,0.0,0.0,7.063,11397.875,,,,53.867,440.403,53.867,10.098,440.403,0.0,0.0,,,,0.0,0.0,817.567,22929000.0,261.342,440.403,53.867,0.0,0.0,37002838016.0,0.0,0.0
11369,2001,2.667,4.457,,,,-2.638,-6.893,,,,,171.613,7418.536,19.518,10.494,0.0,0.0,10.494,0.0,0.0,6.627,10999.374,,,,53.766,453.638,53.766,10.494,453.638,0.0,0.0,,,,0.0,0.0,843.73,23133000.0,254.449,453.638,53.766,0.0,0.0,38394568704.0,0.0,0.0
11370,2002,-5.195,-8.915,,,,-2.176,-5.536,,,,,162.698,6971.08,19.122,10.514,0.0,0.0,10.514,0.0,0.0,6.404,10665.096,,,,54.985,450.491,54.985,10.514,450.491,0.0,0.0,,,,0.0,0.0,819.297,23339000.0,248.913,450.491,54.985,0.0,0.0,38870867968.0,0.0,0.0
11371,2003,1.826,2.972,,,,-0.329,-0.818,,,,,165.67,7037.197,20.325,11.603,0.0,0.0,11.603,0.0,0.0,6.27,10538.387,,,,57.087,492.864,57.087,11.603,492.864,0.0,0.0,,,,0.0,0.0,863.362,23542000.0,248.095,492.864,57.087,0.0,0.0,39567679488.0,0.0,0.0
11372,2004,2.242,3.715,,,,4.578,11.358,,,,,169.384,7137.077,21.281,12.375,0.0,0.0,12.375,0.0,0.0,6.425,10932.15,,,,58.152,521.426,58.152,12.375,521.426,0.0,0.0,,,,0.0,0.0,896.665,23733000.0,259.453,521.426,58.152,0.0,0.0,40380440576.0,0.0,0.0
11373,2005,5.526,9.361,,,,-1.625,-4.217,,,,,178.745,7477.617,22.196,13.001,0.0,0.0,13.002,0.0,0.0,6.091,10677.531,,,,58.575,543.884,58.577,13.002,543.905,0.0,0.0,,,,0.0,0.0,928.532,23904000.0,255.236,543.905,58.577,0.002,0.021,41903652864.0,0.0,0.0
11374,2006,2.577,4.606,,,,-5.103,-13.025,,,,,183.351,7622.159,21.722,12.494,0.0,0.0,12.495,0.001,0.0,5.841,10069.053,,,,57.519,519.393,57.521,12.495,519.418,0.0,0.0,,,,0.0,0.0,902.999,24055000.0,242.211,519.418,57.521,0.003,0.025,41468178432.0,0.0,0.0
11375,2007,-2.35,-4.309,,,,-7.886,-19.101,,,,,179.042,7402.106,20.896,13.147,0.0,0.0,13.148,0.001,0.0,5.445,9224.003,,,,62.916,543.534,62.919,13.148,543.559,0.0,0.0,,,,0.0,0.0,863.9,24188000.0,223.11,543.559,62.919,0.003,0.025,40978313216.0,0.0,0.0
11376,2008,3.983,7.132,,,,7.651,17.071,,,,,186.174,7658.335,22.518,13.927,0.0,0.0,13.928,0.001,0.0,5.684,9879.928,,,,61.849,572.892,61.854,13.928,572.937,0.0,0.0,,,,0.0,0.0,926.278,24310000.0,240.181,572.937,61.854,0.003,0.029,42257608704.0,0.002,0.016
11377,2009,1.756,3.269,,,,-15.556,-37.364,,,,,189.443,7755.155,20.488,12.375,0.0,0.0,12.376,0.001,0.0,4.843,8302.666,,,,60.403,506.591,60.409,12.376,506.644,0.0,0.0,,,,0.0,0.0,838.692,24428000.0,202.818,506.644,60.409,0.004,0.037,41874620416.0,0.002,0.016
11378,2010,26.125,49.493,,,,-4.176,-8.47,,,,,238.936,9733.016,21.036,13.266,0.0,0.0,13.267,0.001,0.0,4.664,7916.703,,,,63.065,540.389,63.071,13.267,540.446,0.0,0.0,,,,0.0,0.0,856.881,24549000.0,194.347,540.446,63.071,0.005,0.041,41670438912.0,0.002,0.016
11379,2011,-6.15,-14.695,,,,-23.867,-46.384,,,,,224.241,9088.517,18.736,13.068,0.0,0.0,13.071,0.003,0.0,3.521,5996.969,,,,69.749,529.648,69.767,13.071,529.786,0.0,0.0,,,,0.0,0.0,759.366,24673000.0,147.963,529.786,69.767,0.016,0.122,42017124352.0,0.002,0.016
11380,2012,0.345,0.773,,,,2.899,4.289,,,,,225.014,9072.764,18.761,13.365,0.0,0.0,13.369,0.004,0.0,3.577,6138.95,,,,71.237,538.89,71.261,13.369,539.067,0.0,0.0,,,,0.0,0.0,756.471,24801000.0,152.252,539.067,71.261,0.021,0.161,42563559424.0,0.002,0.016
11381,2013,-1.142,-2.57,,,,-21.188,-32.259,,,,,222.443,8922.709,17.932,13.761,0.0,0.0,13.766,0.005,0.0,2.79,4813.184,,,,76.738,551.986,76.768,13.766,552.202,0.0,0.0,,,,0.0,0.0,719.313,24930000.0,119.993,552.202,76.768,0.028,0.201,43012800512.0,0.002,0.016
11382,2014,2.457,5.465,,,,7.057,8.468,,,,,227.908,9095.236,17.492,12.87,0.0,0.0,12.877,0.007,0.0,2.955,5126.548,,,,73.577,513.608,73.619,12.877,513.904,0.0,0.0,,,,0.0,0.0,698.055,25058000.0,128.461,513.904,73.619,0.04,0.279,43466149888.0,0.002,0.016
11383,2015,-9.3,-21.196,,,,-22.643,-29.087,,,,,206.713,8208.105,13.424,9.9,0.0,0.0,9.911,0.011,0.0,2.313,3945.92,,,,73.748,393.107,73.832,9.911,393.559,0.0,0.0,,,,0.0,0.0,533.044,25184000.0,99.374,393.559,73.832,0.082,0.437,42970759168.0,0.003,0.016
11384,2016,13.116,27.111,,,,15.137,15.042,,,,,233.824,9239.149,16.564,12.672,0.0,0.0,12.685,0.013,0.0,,4520.939,,,,76.504,500.711,76.585,12.685,501.241,0.0,0.0,,,,0.0,0.0,654.49,25308000.0,114.416,501.241,76.585,0.078,0.514,,0.002,0.016
11385,2017,,,,,,,,,,,,,,14.617,11.781,0.0,0.0,11.796,0.014,0.001,,,,,,80.598,463.272,80.701,11.796,463.866,0.0,0.0,,,,0.0,0.0,574.795,25430000.0,,463.866,80.701,0.096,0.551,,0.008,0.043
11386,2018,,,,,,,,,,,,,,15.147,12.672,0.0,0.0,12.688,0.015,0.001,,,,,,83.659,495.969,83.766,12.688,496.599,0.0,0.0,,,,0.0,0.0,592.843,25550000.0,,496.599,83.766,0.099,0.587,,0.007,0.043
11387,2019,,,,,,,,,,,,,,15.774,13.65,0.0,0.0,13.666,0.015,0.001,,,,,,86.535,531.832,86.637,13.666,532.459,0.0,0.0,,,,0.0,0.0,614.583,25666000.0,,532.459,86.637,0.095,0.584,,0.007,0.043
