,Year,Coal production change (%),Coal production change (tWh),Gas production change (%),Oil production change (%),Oil production change (tWh),Energy consumption change (%),Energy consumption change (tWh),Biofuel consumption change (tWh),Biofuel consumption (tWh),Biofuel consumption per capita (kWh),Coal consumption (tWh),Coal production (tWh),Coal production per capita (kWh),Electricity generation (tWh),Hydro electricity generation (tWh),Nuclear electricity generation (tWh),Other renewable electricity (tWh),Renewables electricity generation (tWh),Solar electricity generation (tWh),Wind electricity generation (tWh),Energy consumption per GDP (kWh/$),Energy consumption per capita (kWh),Gas consumption (tWh),Gas production (tWh),Gas production per capita (kWh),Share of electricity consumption from hydro,Hydro electricity consumption per capita (kWh),Electricity consumption share from low carbon,Low carbon electricity generation (tWh),Low carbon electricity consumption (kWh),Share of electricity consumption from nuclear,Nuclear electricity consumption per capita (kWh),Oil energy consumption (tWh),Oil production (tWh),Oil production per capita (kWh),Other renewables consumption per capita (kWh),Share of consumption from other renewables,Electricity consumption per capita (kWh),Population,Primary energy consumption (tWh),Renewables consumption per capita (kWh),Share of consumption from renewables,Share of electricity consumption from solar,Solar consumption per capita (kWh),GDP,Share of electricity consumption from wind,Wind consumption per capita (kWh)
11576,1900,,,,,,,,,,,,0.0,,,,,,,,,,,,0.0,,,,,,,,,,0.0,,,,,,,,,,,,,
11577,1901,,0.0,0.0,,0.0,,,,,,,0.0,,,,,,,,,,,,0.0,,,,,,,,,,0.0,,,,,,,,,,,,,
11578,1902,,0.0,0.0,,0.0,,,,,,,0.0,,,,,,,,,,,,0.0,,,,,,,,,,0.0,,,,,,,,,,,,,
11579,1903,,0.0,0.0,,0.0,,,,,,,0.0,,,,,,,,,,,,0.0,,,,,,,,,,0.0,,,,,,,,,,,,,
11580,1904,,0.008,0.0,,0.0,,,,,,,0.008,,,,,,,,,,,,0.0,,,,,,,,,,0.0,,,,,,,,,,,,,
11581,1905,-100.0,-0.008,0.0,,0.0,,,,,,,0.0,,,,,,,,,,,,0.0,,,,,,,,,,0.0,,,,,,,,,,,,,
11582,1906,,0.0,0.0,,0.012,,,,,,,0.0,,,,,,,,,,,,0.0,,,,,,,,,,0.012,,,,,,,,,,,,,
11583,1907,,0.0,0.0,-100.0,-0.012,,,,,,,0.0,,,,,,,,,,,,0.0,,,,,,,,,,0.0,,,,,,,,,,,,,
11584,1908,,0.008,0.0,,0.0,,,,,,,0.008,,,,,,,,,,,,0.0,,,,,,,,,,0.0,,,,,,,,,,,,,
11585,1909,-100.0,-0.008,0.0,,0.0,,,,,,,0.0,,,,,,,,,,,,0.0,,,,,,,,,,0.0,,,,,,,,,,,,,
11586,1910,,0.0,0.0,,0.0,,,,,,,0.0,,,,,,,,,,,,0.0,,,,,,,,,,0.0,,,,,,,,,,,,,
11587,1911,,0.0,0.0,,0.512,,,,,,,0.0,,,,,,,,,,,,0.0,,,,,,,,,,0.512,,,,,,,,,,,,,
11588,1912,,0.0,0.0,86.364,0.442,,,,,,,0.0,,,,,,,,,,,,0.0,,,,,,,,,,0.954,,,,,,,,,,,,,
11589,1913,,0.049,0.0,239.024,2.279,,,,,,,0.049,,,,,,,,,,,,0.0,,,,,,,,,,3.233,,,,,,,,,,,,,
11590,1914,49.999,0.024,0.0,38.129,1.233,,,,,,,0.073,,,,,,,,,,,,0.0,,,,,,,,,,4.466,,,,,,,,,,,,,
11591,1915,133.334,0.098,0.0,20.313,0.907,,,,,,,0.171,,,,,,,,,,,,0.0,,,,,,,,,,5.373,,,,,,,,,,,,,
11592,1916,109.524,0.187,0.0,43.939,2.361,,,,,,,0.358,,,,,,,,,,,,0.0,,,,,,,,,,7.734,,,,,,,,,,,,,
11593,1917,140.909,0.505,0.0,41.203,3.187,,,,,,,0.863,,,,,,,,,,,,0.0,,,,,,,,,,10.921,,,,,,,,,,,,,
11594,1918,95.066,0.82,0.0,25.772,2.814,,,,,,,1.683,,,,,,,,,,,,0.0,,,,,,,,,,13.735,,,,,,,,,,,,,
11595,1919,-15.179,-0.256,0.0,23.878,3.28,,,,,,,1.428,,,,,,,,,,,,0.0,,,,,,,,,,17.015,,,,,,,,,,,,,
11596,1920,21.886,0.312,0.0,26.452,4.501,,,,,,,1.74,,,,,,,,,,,,0.0,,,,,,,,,,21.516,,,,,,,,,,,,,
11597,1921,15.545,0.271,0.0,40.054,8.618,,,,,,,2.011,,,,,,,,,,,,0.0,,,,,,,,,,30.133,,,,,,,,,,,,,
11598,1922,-41.296,-0.83,0.0,29.332,8.839,,,,,,,1.18,,,,,,,,,,,,0.0,,,,,,,,,,38.972,,,,,,,,,,,,,
11599,1923,68.966,0.814,0.0,32.08,12.502,,,,,,,1.995,,,,,,,,,,,,0.0,,,,,,,,,,51.474,,,,,,,,,,,,,
11600,1924,8.163,0.163,0.0,29.982,15.433,,,,,,,2.157,,,,,,,,,,,,0.0,,,,,,,,,,66.907,,,,,,,,,,,,,
11601,1925,19.623,0.423,0.0,31.027,20.76,,,,,,,2.581,,,,,,,,,,,,0.0,,,,,,,,,,87.667,,,,,,,,,,,,,
11602,1926,20.82,0.537,0.0,34.625,30.354,,,,,,,3.118,,,,,,,,,,,,0.0,,,,,,,,,,118.021,,,,,,,,,,,,,
11603,1927,5.222,0.163,0.0,40.924,48.299,,,,,,,3.281,,,,,,,,,,,,0.0,,,,,,,,,,166.321,,,,,,,,,,,,,
11604,1928,-0.744,-0.024,0.0,49.157,81.759,,,,,,,3.256,,,,,,,,,,,,0.0,,,,,,,,,,248.08,,,,,,,,,,,,,
11605,1929,-3.5,-0.114,0.0,20.519,50.905,,,,,,,3.142,,,,,,,,,,,,0.0,,,,,,,,,,298.984,,,,,,,,,,,,,
11606,1930,-1.554,-0.049,0.0,2.882,8.618,,,,,,,3.094,,,,,,,,,,,,0.0,,,,,,,,,,307.602,,,,,,,,,,,,,
11607,1931,-6.579,-0.204,0.0,-11.49,-35.344,,,,,,,2.89,,,,,,,,,,,,0.0,,,,,,,,,,272.259,,,,,,,,,,,,,
11608,1932,-20.563,-0.594,0.0,2.456,6.687,,,,,,,2.296,,,,,,,,,,,,0.0,,,,,,,,,,278.946,,,,,,,,,,,,,
11609,1933,-2.837,-0.065,0.0,3.544,9.886,,,,,,,2.231,,,,,,,,,,,,0.0,,,,,,,,,,288.831,,,,,,,,,,,,,
11610,1934,10.949,0.244,0.0,16.485,47.613,,,,,,,2.475,,,,,,,,,,,,0.0,,,,,,,,,,336.445,,,,,,,,,,,,,
11611,1935,-0.987,-0.024,0.0,15.476,52.068,,,,,,,2.45,,,,,,,,,,,,0.0,,,,,,,,,,388.512,,,,,,,,,,,,,
11612,1936,2.99,0.073,0.0,6.107,23.725,,,,,,,2.524,,,,,,,,,,,,0.0,,,,,,,,,,412.237,,,,,,,,,,,,,
11613,1937,25.806,0.651,9.294,19.805,81.643,,,,,,,3.175,,,,,,,,,,,,9.294,,,,,,,,,,493.88,,,,,,,,,,,,,
11614,1938,-0.769,-0.024,0.168,1.097,5.42,,,,,,,3.151,,,,,,,,,,,,9.461,,,,,,,,,,499.3,,,,,,,,,,,,,
11615,1939,4.91,0.155,0.168,4.985,24.888,,,,,,,3.305,,,,,,,,,,,,9.629,,,,,,,,,,524.188,,,,,,,,,,,,,
11616,1940,15.025,0.497,0.168,-11.89,-62.325,,,,,,,3.802,,,,,,,,,,,,9.797,,,,,,,,,,461.863,,,,,,,,,,,,,
11617,1941,17.559,0.668,0.168,6.789,31.355,,,,,,,4.469,,,,,,,,,,,,9.965,,,,,,,,,,493.217,,,,,,,,,,,,,
11618,1942,28.78,1.286,0.168,-18.395,-90.726,,,,,,,5.756,,,,,,,,,,,,10.132,,,,,,,,,,402.491,,,,,,,,,,,,,
11619,1943,0.566,0.033,0.168,16.615,66.873,,,,,,,5.788,,,,,,,,,,,,10.3,,,,,,,,,,469.364,,,,,,,,,,,,,
11620,1944,19.972,1.156,0.168,38.989,182.998,,,,,,,6.944,,,,,,,,,,,,10.468,,,,,,,,,,652.362,,,,,,,,,,,,,
11621,1945,-1.641,-0.114,0.168,27.066,176.567,,,,,,,6.83,,,,,,,,,,,,10.636,,,,,,,,,,828.929,,,,,,,,,,,,,
11622,1946,17.521,1.197,1.01,25.129,208.305,,,,,,,8.027,,,,,,,,,,,,11.646,,,,,,,,,,1037.234,,,,,,,,,,,,,
11623,1947,0.0,0.0,4.304,14.758,153.074,,,,,,,8.027,,,,,,,,,,,,15.95,,,,,,,,,,1190.308,,,,,,,,,,,,,
11624,1948,1.116,0.09,0.864,21.863,260.233,,,,,,,8.117,,,,,,,,,,,,16.814,,,,,,,,,,1450.541,,,,,,,,,,,,,
11625,1949,-0.1,-0.008,-1.048,9.03,130.989,,,,,,,8.108,,,,,,,,,,,,15.765,,,,,,,,,,1581.53,,,,,,,,,,,,,
11626,1950,5.622,0.456,0.663,19.548,309.161,,,,,,,8.564,,,,,,,,,,,,16.428,,,,,,,,,,1890.691,,,,,,,,,,,,,
11627,1951,-1.711,-0.147,4.328,12.229,231.205,,,,,,,8.418,,,,,,,,,,,,20.755,,,,,,,,,,2121.895,,,,,,,,,,,,,
11628,1952,1.934,0.163,2.07,7.407,157.168,,,,,,,8.581,,,,,,,,,,,,22.826,,,,,,,,,,2279.063,,,,,,,,,,,,,
11629,1953,12.998,1.115,5.271,7.36,167.74,,,,,,,9.696,,,,,,,,,,,,28.097,,,,,,,,,,2446.803,,,,,,,,,,,,,
11630,1954,-15.785,-1.531,3.501,10.839,265.199,,,,,,,8.165,,,,,,,,,,,,31.598,,,,,,,,,,2712.002,,,,,,,,,,,,,
11631,1955,33.4,2.727,11.37,16.404,444.871,,,,,,,10.893,,,,,,,,,,,,42.968,,,,,,,,,,3156.873,,,,,,,,,,,,,
11632,1956,-1.495,-0.163,5.214,9.746,307.684,,,,,,,10.73,,,,,,,,,,,,48.182,,,,,,,,,,3464.557,,,,,,,,,,,,,
11633,1957,-3.263,-0.35,10.255,7.243,250.952,,,,,,,10.38,,,,,,,,,,,,58.437,,,,,,,,,,3715.509,,,,,,,,,,,,,
11634,1958,2.902,0.301,3.504,8.123,301.799,,,,,,,10.681,,,,,,,,,,,,61.941,,,,,,,,,,4017.308,,,,,,,,,,,,,
11635,1959,-12.576,-1.343,6.825,7.639,306.869,,,,,,,9.338,,,,,,,,,,,,68.766,,,,,,,,,,4324.177,,,,,,,,,,,,,
11636,1960,-16.739,-1.563,20.365,12.36,534.469,,,,,,,7.775,,,,,,,,,,,,89.131,,,,,,,,,,4858.646,,,,,,,,,,,,,
11637,1961,-5.55,-0.431,6.943,7.237,351.633,,,,,,,7.343,,,,,,,,,,,,96.073,,,,,,,,,,5210.279,,,,,,,,,,,,,
11638,1962,1.885,0.138,11.621,10.711,558.089,,,,,,,7.482,,,,,,,,,,,,107.694,,,,,,,,,,5768.368,,,,,,,,,,,,,
11639,1963,-1.632,-0.122,12.61,7.623,439.719,,,,,,,7.359,,,,,,,,,,,,120.304,,,,,,,,,,6208.087,,,,,,,,,,,,,
11640,1964,13.938,1.026,22.826,10.093,626.613,,,,,,,8.385,,,,,,,,,,,,143.13,,,,,,,,,,6834.701,,,,,,,,,,,,,
11641,1965,6.796,0.57,28.142,7.97,544.703,,,,,,,8.955,,,,,,,,,,,,171.272,,,,,,,,,,7379.404,,,,,,,,,,,,,
11642,1966,-12.455,-1.115,17.045,8.802,649.501,,,,,,,7.84,,,,,,,,,,,,188.317,,,,,,,,,,8028.905,,,,,,,,,,,,,
11643,1967,-43.406,-3.403,15.517,5.871,471.364,,,,,,,4.437,,,,,,,,,,,,203.835,,,,,,,,,,8500.269,,,,,,,,,,,,,
11644,1968,-23.486,-1.042,38.441,6.631,563.637,,,,,,,3.395,,,,,,,,,,,,242.276,,,,,,,,,,9063.906,,,,,,,,,,,,,
11645,1969,33.813,1.148,46.044,9.161,830.325,,,,,,,4.543,,,,,,,,,,,,288.32,,,,,,,,,,9894.23,,,,,,,,,,,,,
11646,1970,15.054,0.684,115.724,13.293,1315.238,,,,,,,5.227,,,,,,,,,,,,404.044,,,,,,,,,,11209.468,,,,,,,,,,,,,
11647,1971,32.243,1.685,61.556,12.594,1411.767,,,,,,,6.912,,,,,,,,,,,,465.599,,,,,,,,,,12621.235,,,,,,,,,,,,,
11648,1972,64.075,4.429,68.939,9.858,1244.202,,,,,,,11.34,,,,,,,,,,,,534.538,,,,,,,,,,13865.437,,,,,,,,,,,,,
11649,1973,-64.896,-7.359,99.465,15.031,2084.063,,,,,,,3.981,,,,,,,,,,,,634.003,,,,,,,,,,15949.499,,,,,,,,,,,,,
11650,1974,221.881,8.833,63.824,1.196,190.721,,,,,,,12.814,,,,,,,,,,,,697.827,,,,,,,,,,16140.22,,,,,,,,,,,,,
11651,1975,-14.485,-1.856,46.062,-12.531,-2022.517,,,,,,,10.958,,,,,,,,,,,,743.889,,,,,,,,,,14117.703,,,,,,,,,,,,,
11652,1976,-2.897,-0.317,32.167,11.862,1674.686,,,,,,,10.64,,,,,,,,,,,,776.056,,,,,,,,,,15792.39,,,,,,,,,,,,,
11653,1977,-1.148,-0.122,32.033,0.474,74.793,,,,,,,10.518,,,,,,,,,,,,808.089,,,,,,,,,,15867.182,,,,,,,,,,,,,
11654,1978,-3.251,-0.342,86.67,-4.273,-678.076,,,,,,,10.176,,,,,,,,,,,,894.759,,,,,,,,,,15189.106,,,,,,,,,,,,,
11655,1979,-9.44,-0.961,282.292,3.779,573.964,,,,,,,9.216,,,,,,,,,,,,1177.051,,,,,,,,,,15763.07,,,,,,,,,,,,,
11656,1980,-7.641,-0.704,-446.606,-3.262,-514.182,,,,,,,8.511,,,,,,,,,,,,730.446,,,,,,,,,,15248.889,,,,,,2279.634,,,,,,,
11657,1981,0.786,0.067,158.262,-14.688,-2239.737,4.768,108.7,,,,,8.578,,,,,,,,,,,,888.707,,,,,,,,,,13009.152,,,,,,2388.334,,,,,,,
11658,1982,5.365,0.46,32.282,-16.725,-2175.825,6.257,149.428,,,,,9.039,,,,,,,,,,,,920.99,,,,,,,,,,10833.327,,,,,,2537.762,,,,,,,
11659,1983,-0.614,-0.055,169.133,-7.083,-767.334,8.918,226.319,,,,,8.983,,,,,,,,,,,,1090.123,,,,,,,,,,10065.993,,,,,,2764.081,,,,,,,
11660,1984,4.347,0.39,186.785,0.307,30.868,7.712,213.176,,,,,9.374,,,,,,,,,,,,1276.908,,,,,,,,,,10096.861,,,,,,2977.257,,,,,,,
11661,1985,10.03,0.94,111.535,-6.97,-703.739,6.102,181.68,,,,,10.314,,,,,,,,,,,,1388.443,,,,,,,,,,9393.122,,,,,,3158.937,,,,,,,
11662,1986,13.893,1.433,78.96,15.616,1466.803,6.641,209.777,,,,,11.747,,,,,,,,,,,,1467.403,,,,,,,,,,10859.925,,,,,,3368.714,,,,,,,
11663,1987,-2.923,-0.343,169.626,1.229,133.441,5.021,169.147,,,,,11.403,,,,,,,,,,,,1637.029,,,,,,,,,,10993.367,,,,,,3537.861,,,,,,,
11664,1988,77.024,8.783,139.282,11.054,1215.221,6.237,220.673,,,,,20.187,,,,,,,,,,,,1776.311,,,,,,,,,,12208.588,,,,,,3758.534,,,,,,,
11665,1989,42.146,8.508,176.826,8.61,1051.182,4.397,165.274,,,,,28.695,,,,,,,,,,,,1953.138,,,,,,,,,,13259.77,,,,,,3923.808,,,,,,,
11666,1990,-0.843,-0.242,-38.549,4.493,595.795,0.721,28.296,,,,,28.453,,,,,,,,,,,,1914.589,,,,,,,,,,13855.565,,,,,,3952.104,,,,,,,
11667,1991,-5.757,-1.638,100.851,-0.681,-94.292,3.82,150.982,,,,,26.815,,,,,,,,,,,,2015.44,,,,,,,,,,13761.274,,,,,,4103.086,,,,,,,
11668,1992,10.723,2.875,146.668,6.744,928.06,7.279,298.669,,,,,29.69,,,,,,,,,,,,2162.107,,,,,,,,,,14689.334,,,,,,4401.755,,,,,,,
11669,1993,42.707,12.68,49.224,3.454,507.367,2.48,109.172,,,,,42.37,,,,,,,,,,,,2211.332,,,,,,,,,,15196.701,,,,,,4510.927,,,,,,,
11670,1994,12.381,5.246,58.79,2.504,380.488,4.249,191.689,,,,,47.616,,,,,,,,,,,,2270.121,,,,,,,,,,15577.189,,,,,,4702.616,,,,,,,
11671,1995,-6.518,-3.103,199.017,2.649,412.625,2.65,124.629,,,,,44.513,,,,,,,,,,,,2469.139,,,,,,,,,,15989.814,,,,,,4827.245,,,,,,,
11672,1996,-10.596,-4.717,161.991,2.214,354.061,3.672,177.261,,,,,39.796,,,,,,,,,,,,2631.13,,,,,,,,,,16343.874,,,,,,5004.506,,,,,,,
11673,1997,36.334,14.46,313.447,4.668,762.859,6.111,305.807,,,,,54.256,,,,,,,,,,,,2944.576,,,,,,,,,,17106.734,,,,,,5310.314,,,,,,,
11674,1998,37.03,20.091,174.73,4.327,740.286,3.557,188.907,,,,,74.347,,,,,,,,,,,,3119.306,,,,,,,,,,17847.02,,,,,,5499.22,,,,,,,
11675,1999,-7.572,-5.63,157.839,-3.677,-656.186,1.501,82.54,,,,,68.717,,,,,,,,,,,,3277.145,,,,,,,,,,17190.834,,,,,,5581.761,,,,,,,
11676,2000,12.44,8.548,242.803,6.592,1133.265,6.171,344.454,,,,,77.265,,,,,,,,,,,,3519.948,,,,,,,,,,18324.099,,,,,,5926.215,,,,,,,
11677,2001,-3.508,-2.71,103.953,-2.378,-435.681,4.436,262.899,,,,,74.555,,,,,,,,,,,,3623.901,,,,,,,,,,17888.418,,,,,,6189.114,,,,,,,
11678,2002,-3.198,-2.384,152.213,-5.504,-984.658,3.707,229.425,,,,,72.17,,,,,,,,,,,,3776.114,,,,,,,,,,16903.761,,,,,,6418.539,,,,,,,
11679,2003,-5.679,-4.099,170.746,5.572,941.839,1.396,89.604,,,,,68.072,,,,,,,,,,,,3946.86,,,,,,,,,,17845.599,,,,,,6508.143,,,,,,,
11680,2004,-0.018,-0.012,252.522,9.731,1736.527,7.461,485.55,,,,,68.059,,,,,,,,,,,,4199.382,,,,,,,,,,19582.127,,,,,,6993.693,,,,,,,
11681,2005,9.627,6.552,445.514,4.779,935.742,8.964,626.948,,,,,74.612,,,,,,,,,,,,4644.896,,,,,,,,,,20517.869,,,,,,7620.641,,,,,,,
11682,2006,-1.358,-1.013,232.164,-1.049,-215.285,4.269,325.323,,,,,73.598,,,,,,,,,,,,4877.06,,,,,,,,,,20302.583,,,,,,7945.964,,,,,,,
11683,2007,-10.162,-7.479,128.293,-0.645,-130.857,2.275,180.737,,,,,66.12,,,,,,,,,,,,5005.354,,,,,,,,,,20171.727,,,,,,8126.701,,,,,,,
11684,2008,-16.197,-10.709,283.661,4.787,965.668,7.69,624.913,,,,,55.41,,,,,,,,,,,,5289.015,,,,,,,,,,21137.395,,,,,,8751.613,,,,,,,
11685,2009,-24.771,-13.725,219.105,-4.879,-1031.257,4.203,367.871,,,,,41.685,,,,,,,,,,,,5508.12,,,,,,,,,,20106.138,,,,,,9119.484,,,,,,,
11686,2010,-23.906,-9.965,560.971,3.025,608.24,4.25,387.618,,,,,31.72,,,,,,,,,,,,6069.091,,,,,,,,,,20714.378,,,,,,9507.102,,,,,,,
11687,2011,1.341,0.425,590.998,4.5,932.064,4.999,475.29,,,,,32.145,,,,,,,,,,,,6660.089,,,,,,,,,,21646.442,,,,,,9982.393,,,,,,,
11688,2012,-21.192,-6.812,397.456,1.242,268.898,6.919,690.683,,,,,25.333,,,,,,,,,,,,7057.545,,,,,,,,,,21915.34,,,,,,10673.076,,,,,,,
11689,2013,-33.231,-8.418,-3.773,-1.803,-395.214,2.048,218.613,,,,,16.915,,,,,,,,,,,,7053.772,,,,,,,,,,21520.126,,,,,,10891.69,,,,,,,
11690,2014,15.359,2.598,199.386,1.441,310.061,4.806,523.424,,,,,19.512,,,,,,,,,,,,7253.158,,,,,,,,,,21830.187,,,,,,11415.113,,,,,,,
11691,2015,-9.75,-1.902,323.221,3.695,806.645,2.544,290.428,,,,,17.61,,,,,,,,,,,,7576.378,,,,,,,,,,22636.832,,,,,,11705.541,,,,,,,
11692,2016,-1.206,-0.212,359.673,3.373,763.515,1.047,122.595,,,,,17.398,,,,,,,,,,,,7936.052,,,,,,,,,,23400.347,,,,,,11828.137,,,,,,,
