,Year,Coal production change (%),Coal production change (tWh),Gas production change (%),Oil production change (%),Oil production change (tWh),Energy consumption change (%),Energy consumption change (tWh),Biofuel consumption change (tWh),Biofuel consumption (tWh),Biofuel consumption per capita (kWh),Coal consumption (tWh),Coal production (tWh),Coal production per capita (kWh),Electricity generation (tWh),Hydro electricity generation (tWh),Nuclear electricity generation (tWh),Other renewable electricity (tWh),Renewables electricity generation (tWh),Solar electricity generation (tWh),Wind electricity generation (tWh),Energy consumption per GDP (kWh/$),Energy consumption per capita (kWh),Gas consumption (tWh),Gas production (tWh),Gas production per capita (kWh),Share of electricity consumption from hydro,Hydro electricity consumption per capita (kWh),Electricity consumption share from low carbon,Low carbon electricity generation (tWh),Low carbon electricity consumption (kWh),Share of electricity consumption from nuclear,Nuclear electricity consumption per capita (kWh),Oil energy consumption (tWh),Oil production (tWh),Oil production per capita (kWh),Other renewables consumption per capita (kWh),Share of consumption from other renewables,Electricity consumption per capita (kWh),Population,Primary energy consumption (tWh),Renewables consumption per capita (kWh),Share of consumption from renewables,Share of electricity consumption from solar,Solar consumption per capita (kWh),GDP,Share of electricity consumption from wind,Wind consumption per capita (kWh)
15139,1992,,,,,,,,,,,,2.711,492.688,,,,,,,,6.407,14885.165,,1.084,197.042,,,,,,,,,0.784,142.404,,,,5502000.0,81.898,,,,,12782000128.0,,
15140,1993,-9.662,-0.262,-1.084,-40.448,-0.317,-8.429,-6.903,,,,,2.449,437.843,,,,,,,,6.313,13408.781,,0.0,0.0,,,,,,,,,0.467,83.424,,,,5593000.0,74.995,,,,,11879531520.0,,
15141,1994,-70.856,-1.735,0.359,-26.985,-0.126,-3.625,-2.719,,,,,0.714,125.674,,,,,,,,9.038,12726.987,,0.359,63.273,,,,,,,,,0.341,59.99,,,,5679000.0,72.277,,,,,7996908032.0,,
15142,1995,-62.385,-0.445,0.064,18.479,0.063,-19.619,-14.18,,,,,0.268,46.567,,,,,,,,7.277,10077.51,,0.424,73.516,,,,,,,,,0.404,70.015,,,,5765000.0,58.097,,,,,7983267840.0,,
15143,1996,-51.22,-0.138,-0.12,-15.366,-0.062,10.919,6.344,,,,,0.131,22.382,,,,,,,,8.58,11013.572,,0.304,51.965,,,,,,,,,0.342,58.386,,,,5851000.0,64.44,,,,,7510492160.0,,
15144,1997,-15.0,-0.02,0.13,5.149,0.018,-4.931,-3.177,,,,,0.111,18.746,,,,,,,,6.517,10317.101,,0.434,73.061,,,,,,,,,0.359,60.493,,,,5938000.0,61.263,,,,,9399992320.0,,
15145,1998,11.765,0.013,0.217,-17.526,-0.063,4.053,2.483,,,,,0.124,20.642,,,,,,,,7.567,10576.76,,0.651,107.973,,,,,,,,,0.296,49.154,,,,6027000.0,63.746,,,,,8424064000.0,,
15146,1999,0.0,0.0,0.0,0.0,0.0,14.343,9.143,,,,,0.124,20.328,,,,,,,,9.536,11909.971,,0.651,106.332,,,,,,,,,0.296,48.407,,,,6120000.0,72.889,,,,,7643610112.0,,
15147,2000,15.79,0.02,-0.217,-18.99,-0.056,-23.795,-17.344,,,,,0.144,23.174,13.983,13.774,0.0,0.0,13.774,0.0,0.0,7.005,8935.86,,0.434,69.793,98.505,2215.894,98.505,13.774,2215.894,0.0,0.0,,0.24,38.609,0.0,0.0,2249.517,6216000.0,55.545,2215.894,98.505,0.0,0.0,7929517056.0,0.0,0.0
15148,2001,9.091,0.013,0.108,-14.484,-0.035,4.358,2.42,,,,,0.157,24.869,14.229,14.064,0.0,0.0,14.064,0.0,0.0,6.574,9173.241,,0.542,85.819,98.84,2225.669,98.84,14.064,2225.669,0.0,0.0,,0.205,32.479,0.0,0.0,2251.78,6319000.0,57.966,2225.669,98.84,0.0,0.0,8817549312.0,0.0,0.0
15149,2002,50.0,0.079,-0.325,-5.215,-0.011,3.773,2.187,,,,,0.236,36.676,15.142,15.012,0.0,0.0,15.012,0.0,0.0,6.377,9359.423,,0.217,33.751,99.141,2335.771,99.141,15.012,2335.771,0.0,0.0,,0.195,30.268,0.0,0.0,2355.998,6427000.0,60.153,2335.771,99.141,0.0,0.0,9432823808.0,0.0,0.0
15150,2003,30.556,0.072,0.217,13.916,0.027,7.768,4.673,,,,,0.308,47.041,16.336,16.173,0.0,0.0,16.173,0.0,0.0,5.68,9909.193,,0.434,66.315,99.002,2472.18,99.002,16.173,2472.18,0.0,0.0,,0.222,33.874,0.0,0.0,2497.096,6542000.0,64.826,2472.18,99.002,0.0,0.0,11413445632.0,0.0,0.0
15151,2004,97.872,0.301,-0.011,-28.783,-0.064,2.171,1.407,,,,,0.609,91.405,16.319,16.176,0.0,0.0,16.176,0.0,0.0,5.04,9941.911,,0.423,63.493,99.124,2428.1,99.124,16.176,2428.1,0.0,0.0,,0.158,23.689,0.0,0.0,2449.565,6662000.0,66.233,2428.1,99.124,0.0,0.0,13141919744.0,0.0,0.0
15152,2005,6.452,0.039,0.022,11.421,0.018,2.495,1.652,,,,,0.648,95.482,16.92,16.797,0.0,0.0,16.797,0.0,0.0,4.827,9999.295,,0.445,65.5,99.273,2474.149,99.273,16.797,2474.149,0.0,0.0,,0.176,25.901,0.0,0.0,2492.267,6789000.0,67.885,2474.149,99.273,0.0,0.0,14064096256.0,0.0,0.0
15153,2006,6.061,0.039,-0.054,7.406,0.013,-2.163,-1.468,,,,,0.688,99.309,16.768,16.534,0.0,0.0,16.534,0.0,0.0,4.191,9593.675,,0.39,56.399,98.604,2388.271,98.604,16.534,2388.271,0.0,0.0,,0.189,27.281,0.0,0.0,2422.071,6923000.0,66.417,2388.271,98.604,0.0,0.0,15846207488.0,0.0,0.0
15154,2007,72.381,0.498,-0.174,-7.231,-0.014,-4.837,-3.213,,,,,1.185,167.796,17.323,16.943,0.0,0.0,16.943,0.0,0.0,3.786,8948.632,,0.217,30.712,97.806,2398.839,97.806,16.943,2398.839,0.0,0.0,,0.175,24.806,0.0,0.0,2452.641,7063000.0,63.204,2398.839,97.806,0.0,0.0,16692284416.0,0.0,0.0
15155,2008,9.945,0.118,0.108,-15.242,-0.027,-4.628,-2.925,,,,,1.303,180.722,16.989,16.642,0.0,0.0,16.642,0.0,0.0,3.03,8360.5,,0.325,45.128,97.958,2308.183,97.958,16.642,2308.183,0.0,0.0,,0.149,20.597,0.0,0.0,2356.311,7210000.0,60.279,2308.183,97.958,0.0,0.0,19895148544.0,0.0,0.0
15156,2009,1.508,0.02,0.087,-7.585,-0.011,-8.338,-5.026,,,,,1.323,179.585,15.958,15.741,0.0,0.0,15.741,0.0,0.0,2.898,7502.158,,0.412,55.96,98.64,2137.271,98.64,15.741,2137.271,0.0,0.0,,0.137,18.634,0.0,0.0,2166.735,7365000.0,55.253,2137.271,98.64,0.0,0.0,19063306240.0,0.0,0.0
15157,2010,-0.99,-0.013,0.033,-1.374,-0.002,3.203,1.77,,,,,1.31,173.98,16.269,16.236,0.0,0.0,16.236,0.0,0.0,2.633,7575.823,,0.445,59.078,99.798,2157.035,99.798,16.236,2157.035,0.0,0.0,,0.135,17.982,0.0,0.0,2161.406,7527000.0,57.023,2157.035,99.798,0.0,0.0,21659891712.0,0.0,0.0
15158,2011,18.0,0.236,-0.239,0.0,0.0,-0.612,-0.349,,,,,1.545,200.736,16.074,16.038,0.0,0.0,16.038,0.0,0.0,2.389,7362.194,,0.206,26.769,99.778,2083.398,99.778,16.038,2083.398,0.0,0.0,,0.135,17.583,0.0,0.0,2088.038,7698000.0,56.674,2083.398,99.778,0.0,0.0,23727597568.0,0.0,0.0
15159,2012,74.576,1.152,-0.043,-0.311,0.0,8.501,4.818,,,,,2.698,342.562,16.801,16.731,0.0,0.0,16.731,0.0,0.0,2.465,7808.519,,0.163,20.659,99.586,2124.571,99.586,16.731,2124.571,0.0,0.0,,0.135,17.134,0.0,0.0,2133.404,7875000.0,61.492,2124.571,99.586,0.0,0.0,24950816768.0,0.0,0.0
15160,2013,25.243,0.681,-0.022,-3.887,-0.005,3.776,2.322,,,,,3.379,419.186,16.941,16.9,0.0,0.0,16.9,0.0,0.0,2.447,7917.373,,0.141,17.493,99.756,2096.774,99.756,16.9,2096.774,0.0,0.0,,0.13,16.09,0.0,0.0,2101.906,8060000.0,63.814,2096.774,99.756,0.0,0.0,26079270912.0,0.0,0.0
15161,2014,70.288,2.375,-0.011,0.0,0.0,2.759,1.76,,,,,5.753,697.129,15.99,15.84,0.0,0.0,15.84,0.0,0.0,2.525,7945.519,,0.13,15.77,99.059,1919.302,99.059,15.84,1919.302,0.0,0.0,,0.13,15.714,0.0,0.0,1937.526,8253000.0,65.574,1919.302,99.059,0.0,0.0,25972525056.0,0.0,0.0
15162,2015,19.076,1.098,0.087,-11.837,-0.015,2.361,1.548,,,,,6.851,810.38,16.982,16.83,0.0,0.0,16.83,0.0,0.0,2.435,7939.728,,0.217,25.659,99.103,1990.774,99.103,16.83,1990.774,0.0,0.0,,0.114,13.525,0.0,0.0,2008.786,8454000.0,67.122,1990.774,99.103,0.0,0.0,27562715136.0,0.0,0.0
15163,2016,31.477,2.156,-0.011,-0.619,-0.001,2.706,1.816,,,,,9.007,1039.641,17.03,16.466,0.0,0.0,16.466,0.0,0.0,2.335,7956.903,,0.206,23.779,96.688,1900.508,96.688,16.466,1900.508,0.0,0.0,,0.114,13.115,0.0,0.0,1965.605,8664000.0,68.939,1900.508,96.688,0.0,0.0,29521520640.0,0.0,0.0
15164,2017,,,,,,,,,,,,,,17.884,16.962,0.0,0.0,16.962,0.0,0.0,,,,,,94.844,1910.135,94.844,16.962,1910.135,0.0,0.0,,,,0.0,0.0,2013.98,8880000.0,,1910.135,94.844,0.0,0.0,,0.0,0.0
15165,2018,,,,,,,,,,,,,,19.477,18.21,0.0,0.0,18.21,0.0,0.0,,,,,,93.494,2000.886,93.494,18.21,2000.886,0.0,0.0,,,,0.0,0.0,2140.114,9101000.0,,2000.886,93.494,0.0,0.0,,0.0,0.0
15166,2019,,,,,,,,,,,,,,20.394,18.977,0.0,0.0,18.977,0.0,0.0,,,,,,93.054,2035.974,93.054,18.977,2035.974,0.0,0.0,,,,0.0,0.0,2187.951,9321000.0,,2035.974,93.054,0.0,0.0,,0.0,0.0
15167,2020,,,,,,,,,,,,,,19.906,18.489,0.0,0.0,18.489,0.0,0.0,,,,,,92.884,1938.562,92.884,18.489,1938.562,0.0,0.0,,,,0.0,0.0,2087.087,,,1938.562,92.884,0.0,0.0,,0.0,0.0
