,Year,Coal production change (%),Coal production change (tWh),Gas production change (%),Oil production change (%),Oil production change (tWh),Energy consumption change (%),Energy consumption change (tWh),Biofuel consumption change (tWh),Biofuel consumption (tWh),Biofuel consumption per capita (kWh),Coal consumption (tWh),Coal production (tWh),Coal production per capita (kWh),Electricity generation (tWh),Hydro electricity generation (tWh),Nuclear electricity generation (tWh),Other renewable electricity (tWh),Renewables electricity generation (tWh),Solar electricity generation (tWh),Wind electricity generation (tWh),Energy consumption per GDP (kWh/$),Energy consumption per capita (kWh),Gas consumption (tWh),Gas production (tWh),Gas production per capita (kWh),Share of electricity consumption from hydro,Hydro electricity consumption per capita (kWh),Electricity consumption share from low carbon,Low carbon electricity generation (tWh),Low carbon electricity consumption (kWh),Share of electricity consumption from nuclear,Nuclear electricity consumption per capita (kWh),Oil energy consumption (tWh),Oil production (tWh),Oil production per capita (kWh),Other renewables consumption per capita (kWh),Share of consumption from other renewables,Electricity consumption per capita (kWh),Population,Primary energy consumption (tWh),Renewables consumption per capita (kWh),Share of consumption from renewables,Share of electricity consumption from solar,Solar consumption per capita (kWh),GDP,Share of electricity consumption from wind,Wind consumption per capita (kWh)
15168,1900,,,,,,,,,,,,0.0,0.0,,,,,,,,,,,,,,,,,,,,,,,,,,3974658.0,,,,,,,,
15169,1901,,0.0,,,,,,,,,,0.0,0.0,,,,,,,,,,,,,,,,,,,,,,,,,,3988091.0,,,,,,,,
15170,1902,,0.0,,,,,,,,,,0.0,0.0,,,,,,,,,,,,,,,,,,,,,,,,,,4001485.0,,,,,,,,
15171,1903,,0.0,,,,,,,,,,0.0,0.0,,,,,,,,,,,,,,,,,,,,,,,,,,4015009.0,,,,,,,,
15172,1904,,0.0,,,,,,,,,,0.0,0.0,,,,,,,,,,,,,,,,,,,,,,,,,,4028578.0,,,,,,,,
15173,1905,,0.0,,,,,,,,,,0.0,0.0,,,,,,,,,,,,,,,,,,,,,,,,,,4042192.0,,,,,,,,
15174,1906,,0.0,,,,,,,,,,0.0,0.0,,,,,,,,,,,,,,,,,,,,,,,,,,4055853.0,,,,,,,,
15175,1907,,0.0,,,,,,,,,,0.0,0.0,,,,,,,,,,,,,,,,,,,,,,,,,,4069441.0,,,,,,,,
15176,1908,,0.0,,,,,,,,,,0.0,0.0,,,,,,,,,,,,,,,,,,,,,,,,,,4083193.0,,,,,,,,
15177,1909,,0.0,,,,,,,,,,0.0,0.0,,,,,,,,,,,,,,,,,,,,,,,,,,4096992.0,,,,,,,,
15178,1910,,0.0,,,,,,,,,,0.0,0.0,,,,,,,,,,,,,,,,,,,,,,,,,,4110837.0,,,,,,,,
15179,1911,,0.0,,,,,,,,,,0.0,0.0,,,,,,,,,,,,,,,,,,,,,,,,,,4124695.0,,,,,,,,
15180,1912,,0.0,,,,,,,,,,0.0,0.0,,,,,,,,,,,,,,,,,,,,,,,,,,4138634.0,,,,,,,,
15181,1913,,0.0,,,,,,,,,,0.0,0.0,,,,,,,,,,,,,,,,,,,,,,,,,,4152619.0,,,,,,,,
15182,1914,,0.0,,,,,,,,,,0.0,0.0,,,,,,,,,,,,,,,,,,,,,,,,,,4166652.0,,,,,,,,
15183,1915,,0.0,,,,,,,,,,0.0,0.0,,,,,,,,,,,,,,,,,,,,,,,,,,4180732.0,,,,,,,,
15184,1916,,0.0,,,,,,,,,,0.0,0.0,,,,,,,,,,,,,,,,,,,,,,,,,,4194860.0,,,,,,,,
15185,1917,,0.0,,,,,,,,,,0.0,0.0,,,,,,,,,,,,,,,,,,,,,,,,,,4209035.0,,,,,,,,
15186,1918,,0.0,,,,,,,,,,0.0,0.0,,,,,,,,,,,,,,,,,,,,,,,,,,4224153.0,,,,,,,,
15187,1919,,0.0,,,,,,,,,,0.0,0.0,,,,,,,,,,,,,,,,,,,,,,,,,,4239100.0,,,,,,,,
15188,1920,,0.0,,,,,,,,,,0.0,0.0,,,,,,,,,,,,,,,,,,,,,,,,,,4254100.0,,,,,,,,
15189,1921,,0.0,,,,,,,,,,0.0,0.0,,,,,,,,,,,,,,,,,,,,,,,,,,4293675.0,,,,,,,,
15190,1922,,0.0,,,,,,,,,,0.0,0.0,,,,,,,,,,,,,,,,,,,,,,,,,,4358421.0,,,,,,,,
15191,1923,,0.0,,,,,,,,,,0.0,0.0,,,,,,,,,,,,,,,,,,,,,,,,,,4448947.0,,,,,,,,
15192,1924,,0.0,,,,,,,,,,0.0,0.0,,,,,,,,,,,,,,,,,,,,,,,,,,4541353.0,,,,,,,,
15193,1925,,0.0,,,,,,,,,,0.0,0.0,,,,,,,,,,,,,,,,,,,,,,,,,,4635678.0,,,,,,,,
15194,1926,,0.0,,,,,,,,,,0.0,0.0,,,,,,,,,,,,,,,,,,,,,,,,,,4731963.0,,,,,,,,
15195,1927,,0.0,,,,,,,,,,0.0,0.0,,,,,,,,,,,,,,,,,,,,,,,,,,4830247.0,,,,,,,,
15196,1928,,0.0,,,,,,,,,,0.0,0.0,,,,,,,,,,,,,,,,,,,,,,,,,,4930573.0,,,,,,,,
15197,1929,,0.0,,,,,,,,,,0.0,0.0,,,,,,,,,,,,,,,,,,,,,,,,,,5032983.0,,,,,,,,
15198,1930,,0.0,,,,,,,,,,0.0,0.0,,,,,,,,,,,,,,,,,,,,,,,,,,5137519.0,,,,,,,,
15199,1931,,0.0,,,,,,,,,,0.0,0.0,,,,,,,,,,,,,,,,,,,,,,,,,,5247327.0,,,,,,,,
15200,1932,,0.0,,,,,,,,,,0.0,0.0,,,,,,,,,,,,,,,,,,,,,,,,,,5362584.0,,,,,,,,
15201,1933,,0.0,,,,,,,,,,0.0,0.0,,,,,,,,,,,,,,,,,,,,,,,,,,5483476.0,,,,,,,,
15202,1934,,0.0,,,,,,,,,,0.0,0.0,,,,,,,,,,,,,,,,,,,,,,,,,,5607093.0,,,,,,,,
15203,1935,,0.0,,,,,,,,,,0.0,0.0,,,,,,,,,,,,,,,,,,,,,,,,,,5733497.0,,,,,,,,
15204,1936,,0.0,,,,,,,,,,0.0,0.0,,,,,,,,,,,,,,,,,,,,,,,,,,5862751.0,,,,,,,,
15205,1937,,0.0,,,,,,,,,,0.0,0.0,,,,,,,,,,,,,,,,,,,,,,,,,,5994918.0,,,,,,,,
15206,1938,,0.0,,,,,,,,,,0.0,0.0,,,,,,,,,,,,,,,,,,,,,,,,,,6130065.0,,,,,,,,
15207,1939,,0.0,,,,,,,,,,0.0,0.0,,,,,,,,,,,,,,,,,,,,,,,,,,6268259.0,,,,,,,,
15208,1940,,0.0,,,,,,,,,,0.0,0.0,,,,,,,,,,,,,,,,,,,,,,,,,,6409568.0,,,,,,,,
15209,1941,,0.0,,,,,,,,,,0.0,0.0,,,,,,,,,,,,,,,,,,,,,,,,,,6554063.0,,,,,,,,
15210,1942,,0.0,,,,,,,,,,0.0,0.0,,,,,,,,,,,,,,,,,,,,,,,,,,6701815.0,,,,,,,,
15211,1943,,0.0,,,,,,,,,,0.0,0.0,,,,,,,,,,,,,,,,,,,,,,,,,,6852898.0,,,,,,,,
15212,1944,,0.0,,,,,,,,,,0.0,0.0,,,,,,,,,,,,,,,,,,,,,,,,,,7007387.0,,,,,,,,
15213,1945,,0.0,,,,,,,,,,0.0,0.0,,,,,,,,,,,,,,,,,,,,,,,,,,7165359.0,,,,,,,,
15214,1946,,0.0,,,,,,,,,,0.0,0.0,,,,,,,,,,,,,,,,,,,,,,,,,,7326891.0,,,,,,,,
15215,1947,,0.0,,,,,,,,,,0.0,0.0,,,,,,,,,,,,,,,,,,,,,,,,,,7492066.0,,,,,,,,
15216,1948,,0.0,,,,,,,,,,0.0,0.0,,,,,,,,,,,,,,,,,,,,,,,,,,7588350.0,,,,,,,,
15217,1949,,0.0,,,,,,,,,,0.0,0.0,,,,,,,,,,,,,,,,,,,,,,,,,,7614617.0,,,,,,,,
15218,1950,,0.0,,,,,,,,,,0.0,0.0,,,,,,,,,,,,,,,,,,,,,,,,,,7650000.0,,,,,,10021905408.0,,
15219,1951,,0.0,,,,,,,,,,0.0,0.0,,,,,,,,,,,,,,,,,,,,,,,,,,7845000.0,,,,,,11277500416.0,,
15220,1952,,0.0,,,,,,,,,,0.0,0.0,,,,,,,,,,,,,,,,,,,,,,,,,,8051000.0,,,,,,11502386176.0,,
15221,1953,,0.0,,,,,,,,,,0.0,0.0,,,,,,,,,,,,,,,,,,,,,,,,,,8267000.0,,,,,,11079171072.0,,
15222,1954,,0.008,,,,,,,,,,0.008,0.958,,,,,,,,,,,,,,,,,,,,,,,,,,8494000.0,,,,,,11971904512.0,,
15223,1955,0.0,0.0,,,,,,,,,,0.008,0.933,,,,,,,,,,,,,,,,,,,,,,,,,,8730000.0,,,,,,12254386176.0,,
15224,1956,100.0,0.008,,,,,,,,,,0.016,1.814,,,,,,,,,,,,,,,,,,,,,,,,,,8975000.0,,,,,,12400482304.0,,
15225,1957,-50.0,-0.008,,,,,,,,,,0.008,0.882,,,,,,,,,,,,,,,,,,,,,,,,,,9230000.0,,,,,,12685926400.0,,
15226,1958,0.0,0.0,,,,,,,,,,0.008,0.857,,,,,,,,,,,,,,,,,,,,,,,,,,9494000.0,,,,,,12789387264.0,,
15227,1959,100.0,0.008,,,,,,,,,,0.016,1.667,,,,,,,,,,,,,,,,,,,,,,,,,,9768000.0,,,,,,13411776512.0,,
15228,1960,0.0,0.0,,,,,,,,,,0.016,1.62,,,,,,,,,,,,,,,,,,,,,,,,,,10052000.0,,,,,,13953599488.0,,
15229,1961,0.0,0.0,,,,,,,,,,0.016,1.574,,,,,,,,,,,,,,,,,,,,,,,,,,10347000.0,,,,,,15262529536.0,,
15230,1962,50.0,0.008,,,,,,,,,,0.024,2.293,,,,,,,,,,,,,,,,,,,,,,,,,,10652000.0,,,,,,16763152384.0,,
15231,1963,-33.333,-0.008,,,,,,,,,,0.016,1.485,,,,,,,,,,,,,,,,,,,,,,,,,,10968000.0,,,,,,18857910272.0,,
15232,1964,-50.0,-0.008,,,,,,,,,,0.008,0.721,,,,,,,,,,,,,,,,,,,,,,,,,,11296000.0,,,,,,19114997760.0,,
15233,1965,100.0,0.008,,,,,,,,,,0.016,1.399,,,,,,,,,,,,,,,,,,,,,,,,,,11635000.0,,,,,,19348099072.0,,
15234,1966,50.0,0.008,,,,,,,,,,0.024,2.038,,,,,,,,,,,,,,,,,,,,,,,,,,11985000.0,,,,,,21954646016.0,,
15235,1967,-33.333,-0.008,,,,,,,,,,0.016,1.319,,,,,,,,,,,,,,,,,,,,,,,,,,12348000.0,,,,,,23007774720.0,,
15236,1968,50.0,0.008,,,,,,,,,,0.024,1.919,,,,,,,,,,,,,,,,,,,,,,,,,,12726000.0,,,,,,23949871104.0,,
15237,1969,0.0,0.0,,,,,,,,,,0.024,1.861,,,,,,,,,,,,,,,,,,,,,,,,,,13121000.0,,,,,,25507950592.0,,
15238,1970,0.0,0.0,,,,,,,,,,0.024,1.804,,,,,,,,,,,,,,,,,,,,,,,,,,13535000.0,,,,,,28608104448.0,,
15239,1971,0.0,0.0,,,,,,,,,,0.024,1.748,,,,,,,,,,,,,,,,,,,,,,,,,,13972000.0,,,,,,30068543488.0,,
15240,1972,0.0,0.0,,,,,,,,,,0.024,1.693,,,,,,,,,,,,,,,,,,,,,,,,,,14428000.0,,,,,,32252450816.0,,
15241,1973,-33.333,-0.008,,,,,,,,,,0.016,1.093,,,,,,,,,,,,,,,,,,,,,,,,,,14902000.0,,,,,,34475868160.0,,
15242,1974,0.0,0.0,,,,,,,,,,0.016,1.058,,,,,,,,,,,,,,,,,,,,,,,,,,15389000.0,,,,,,35329294336.0,,
15243,1975,-50.0,-0.008,,,,,,,,,,0.008,0.512,,,,,,,,,,,,,,,,,,,,,,,,,,15885000.0,,,,,,38157725696.0,,
15244,1976,200.0,0.016,,,,,,,,,,0.024,1.49,,,,,,,,,,,,,,,,,,,,,,,,,,16390000.0,,,,,,41614876672.0,,
15245,1977,0.0,0.0,,,,,,,,,,0.024,1.445,,,,,,,,,,,,,,,,,,,,,,,,,,16905000.0,,,,,,41214779392.0,,
15246,1978,33.333,0.008,,,,,,,,,,0.033,1.868,,,,,,,,,,,,,,,,,,,,,,,,,,17433000.0,,,,,,43005739008.0,,
15247,1979,0.0,0.0,,,,,,,,,,0.033,1.812,,,,,,,,,,,,,,,,,,,,,,,,,,17976000.0,,,,,,42640748544.0,,
15248,1980,-76.85,-0.025,,,,,,,,,,0.008,0.407,,,,,,,,0.281,611.391,,,,,,,,,,,,,,,,,18538000.0,11.334,,,,,40297734144.0,,
15249,1981,0.0,0.0,,,,11.224,1.272,,,,,0.008,0.394,,,,,,,,0.364,659.281,,,,,,,,,,,,,,,,,19121000.0,12.606,,,,,34658447360.0,,
15250,1982,0.0,0.0,,,,-2.123,-0.268,,,,,0.008,0.382,,,,,,,,0.338,625.589,,,,,,,,,,,,,,,,,19723000.0,12.338,,,,,36488564736.0,,
15251,1983,901.584,0.068,,,,-6.179,-0.762,,,,,0.076,3.711,,,,,,,,0.296,568.989,,,,,,,,,,,,,,,,,20345000.0,11.576,,,,,39086190592.0,,
15252,1984,0.0,0.0,,,,5.745,0.665,,,,,0.076,3.599,,,,,,,,0.289,583.409,,,,,,,,,,,,,,,,,20982000.0,12.241,,,,,42303741952.0,,
15253,1985,50.0,0.038,,,,0.527,0.065,,,,,0.113,5.235,,,,,,,,0.265,568.808,,,,,,,,,,,,,,,,,21634000.0,12.306,,,,,46500319232.0,,
15254,1986,-73.333,-0.083,,,,15.424,1.898,,,,,0.03,1.355,,,,,,,,0.43,637.047,,,,,,,,,,,,,,,,,22296000.0,14.204,,,,,33047171072.0,,
15255,1987,-25.022,-0.008,,,,-7.805,-1.109,,,,,0.023,0.986,,,,,,,,0.508,570.067,,,,,,,,,,,,,,,,,22971000.0,13.095,,,,,25756022784.0,,
15256,1988,0.0,0.0,,,,6.758,0.885,,,,,0.023,0.957,,,,,,,,0.403,590.593,,,,,,,,,,,,,,,,,23671000.0,13.98,,,,,34719203328.0,,
15257,1989,0.0,0.0,,,,1.815,0.254,,,,,0.023,0.928,,,,,,,,0.437,583.061,,,,,,,,,,,,,,,,,24412000.0,14.234,,,,,32540565504.0,,
15258,1990,33.372,0.008,,,,9.992,1.422,,,,,0.03,1.198,,,,,,,,0.482,621.169,,,,,,,,,,,,,,,,,25204000.0,15.656,,,,,32475631616.0,,
15259,1991,0.0,0.0,,,,-9.025,-1.413,,,,,0.03,1.159,,,,,,,,0.453,546.609,,,,,,,,,,,,,,,,,26057000.0,14.243,,,,,31421100032.0,,
15260,1992,0.0,0.0,,,,5.003,0.713,,,,,0.03,1.12,,,,,,,,0.524,554.711,,,,,,,,,,,,,,,,,26961000.0,14.956,,,,,28567853056.0,,
15261,1993,999.997,0.302,,,,5.259,0.786,,,,,0.332,11.913,,,,,,,,0.587,564.493,,,,,,,,,,,,,,,,,27887000.0,15.742,,,,,26817826816.0,,
15262,1994,4.546,0.015,,,,-10.175,-1.602,,,,,0.347,12.063,,,,,,,,0.557,491.101,,,,,,,,,,,,,,,,,28793000.0,14.14,,,,,25390374912.0,,
15263,1995,-4.348,-0.015,,,,-0.888,-0.126,,,,,0.332,11.205,,,,,,,,0.515,472.69,,,,,,,,,,,,,,,,,29649000.0,14.015,,,,,27239567360.0,,
15264,1996,29.546,0.098,,,,5.671,0.795,,,,,0.43,14.136,,,,,,,,0.521,486.435,,,,,,,,,,,,,,,,,30445000.0,14.81,,,,,28414488576.0,,
15265,1997,-50.877,-0.219,,,,-6.594,-0.977,,,,,0.211,6.778,,,,,,,,0.443,443.465,,,,,,,,,,,,,,,,,31193000.0,13.833,,,,,31217657856.0,,
15266,1998,60.714,0.128,,,,15.272,2.113,,,,,0.34,10.643,,,,,,,,0.476,499.485,,,,,,,,,,,,,,,,,31924000.0,15.946,,,,,33527900160.0,,
15267,1999,66.667,0.227,,,,5.064,0.808,,,,,0.566,17.327,,,,,,,,0.466,512.61,,,,,,,,,,,,,,,,,32682000.0,16.753,,,,,35925463040.0,,
15268,2000,5.579,0.032,,,,2.494,0.418,,,,,0.598,17.848,2.439,2.121,0.0,0.0,2.121,0.0,0.0,0.448,512.579,,,,86.962,63.315,86.962,2.121,63.315,0.0,0.0,,,,0.0,0.0,72.808,33499000.0,17.171,63.315,86.962,0.0,0.0,38363516928.0,0.0,0.0
15269,2001,-1.762,-0.011,,,,14.447,2.481,,,,,0.587,17.081,2.718,2.576,0.0,0.0,2.576,0.0,0.0,0.47,571.496,,,,94.776,74.914,94.776,2.576,74.914,0.0,0.0,,,,0.0,0.0,79.044,34386000.0,19.651,74.914,94.776,0.0,0.0,41775509504.0,0.0,0.0
15270,2002,1.827,0.011,,,,10.741,2.111,,,,,0.598,16.926,2.82,2.693,0.0,0.0,2.693,0.0,0.0,0.474,615.882,,,,95.496,76.213,95.496,2.693,76.213,0.0,0.0,,,,0.0,0.0,79.808,35335000.0,21.762,76.213,95.496,0.0,0.0,45905854464.0,0.0,0.0
15271,2003,-31.057,-0.186,,,,2.031,0.442,,,,,0.412,11.347,2.627,2.524,0.0,0.0,2.524,0.0,0.0,0.452,611.043,,,,96.079,69.459,96.079,2.524,69.459,0.0,0.0,,,,0.0,0.0,72.293,36338000.0,22.204,69.459,96.079,0.0,0.0,49084981248.0,0.0,0.0
15272,2004,19.101,0.079,,,,21.867,4.855,,,,,0.491,13.138,2.838,2.333,0.0,0.0,2.333,0.0,0.0,0.522,723.9,,,,82.206,62.413,82.206,2.333,62.413,0.0,0.0,,,,0.0,0.0,75.923,37380000.0,27.059,62.413,82.206,0.0,0.0,51794001920.0,0.0,0.0
15273,2005,-52.653,-0.259,,,,6.062,1.64,,,,,0.233,6.047,3.43,1.76,0.0,0.0,1.76,0.0,0.0,0.49,746.416,,,,51.312,45.774,51.312,1.76,45.774,0.0,0.0,,,,0.0,0.0,89.207,38450000.0,28.7,45.774,51.312,0.0,0.0,58526511104.0,0.0,0.0
15274,2006,-41.744,-0.097,,,,2.793,0.801,,,,,0.135,3.425,3.312,1.422,0.0,0.0,1.422,0.0,0.0,0.458,745.94,,,,42.935,35.955,42.935,1.422,35.955,0.0,0.0,,,,0.0,0.0,83.744,39549000.0,29.501,35.955,42.935,0.0,0.0,64394928128.0,0.0,0.0
15275,2007,51.605,0.07,,,,8.368,2.469,,,,,0.205,5.048,4.058,2.499,0.0,0.0,2.499,0.0,0.0,0.442,785.867,,,,61.582,61.429,61.582,2.499,61.429,0.0,0.0,,,,0.0,0.0,99.752,40681000.0,31.97,61.429,61.582,0.0,0.0,72266522624.0,0.0,0.0
15276,2008,-43.959,-0.09,,,,4.55,1.455,,,,,0.115,2.75,4.256,2.623,0.0,0.0,2.623,0.0,0.0,0.429,798.599,,,,61.631,62.67,61.631,2.623,62.67,0.0,0.0,,,,0.0,0.0,101.687,41854000.0,33.425,62.67,61.631,0.0,0.0,77897162752.0,0.0,0.0
15277,2009,-100.0,-0.115,,,,-1.215,-0.406,,,,,0.0,0.0,4.584,2.614,0.0,0.0,2.614,0.0,0.0,0.409,766.554,,,,57.024,60.686,57.024,2.614,60.686,0.0,0.0,,,,0.0,0.0,106.422,43074000.0,33.019,60.686,57.024,0.0,0.0,80690651136.0,0.0,0.0
15278,2010,,0.001,,,,15.176,5.011,,,,,0.001,0.03,5.145,2.674,0.0,0.069,2.75,0.007,0.0,0.422,857.544,,,,51.972,60.297,53.449,2.75,62.011,0.0,0.0,,,,1.556,1.341,116.02,44347000.0,38.03,62.011,53.449,0.136,0.158,90128039936.0,0.0,0.0
15279,2011,44965.754,0.608,,,,1.715,0.652,,,,,0.609,13.342,4.96,1.973,0.0,0.069,2.05,0.008,0.0,0.376,846.91,,,,39.776,43.197,41.329,2.05,44.883,0.0,0.0,,,,1.511,1.391,108.601,45674000.0,38.682,44.883,41.329,0.161,0.175,103000000000.0,0.0,0.0
15280,2012,-2.525,-0.015,,,,20.489,7.925,,,,,0.594,12.624,5.42,1.749,0.0,0.062,1.82,0.009,0.0,0.448,990.525,,,,32.268,37.171,33.578,1.82,38.68,0.0,0.0,,,,1.318,1.144,115.194,47053000.0,46.607,38.68,33.578,0.166,0.191,104000000000.0,0.0,0.0
15281,2013,7.754,0.046,,,,4.785,2.23,,,,,0.64,13.202,5.72,1.7,0.0,0.069,1.783,0.014,0.0,0.452,1007.304,,,,29.722,35.064,31.173,1.783,36.776,0.0,0.0,,,,1.423,1.206,117.974,48483000.0,48.837,36.776,31.173,0.245,0.289,108000000000.0,0.0,0.0
15282,2014,190.19,1.217,,,,3.321,1.622,,,,,1.857,37.178,6.017,2.564,0.0,0.064,2.643,0.015,0.0,0.428,1009.969,,,,42.615,51.32,43.928,2.643,52.901,0.0,0.0,,,,1.281,1.064,120.427,49961000.0,50.459,52.901,43.928,0.249,0.3,118000000000.0,0.0,0.0
15283,2015,4.472,0.083,,,,20.687,10.439,,,,,1.94,37.692,6.476,2.087,0.0,0.064,2.166,0.015,0.0,0.483,1182.869,,,,32.227,40.538,33.447,2.166,42.072,0.0,0.0,,,,1.243,0.988,125.787,51483000.0,60.898,42.072,33.447,0.232,0.291,126000000000.0,0.0,0.0
15284,2016,7.393,0.143,,,,13.182,8.027,,,,,2.084,39.284,6.907,2.342,0.0,0.069,2.444,0.033,0.0,0.514,1299.273,,,,33.907,44.148,35.384,2.444,46.071,0.0,0.0,,,,1.301,0.999,130.203,53049000.0,68.925,46.071,35.384,0.478,0.622,134000000000.0,0.0,0.0
15285,2017,,,,,,,,,,,,,,6.939,2.327,0.0,0.072,2.438,0.039,0.0,,,,,,33.536,42.572,35.136,2.438,44.603,0.0,0.0,,,,1.317,1.038,126.943,54660000.0,,44.603,35.136,0.562,0.714,,0.0,0.0
15286,2018,,,,,,,,,,,,,,6.918,2.212,0.0,0.072,2.372,0.088,0.0,,,,,,31.972,39.274,34.285,2.372,42.116,0.0,0.0,,,,1.279,1.041,122.84,56313000.0,,42.116,34.285,1.272,1.563,,0.0,0.0
15287,2019,,,,,,,,,,,,,,7.04,2.253,0.0,0.075,2.416,0.088,0.0,,,,,,32.004,38.845,34.315,2.416,41.65,0.0,0.0,,,,1.287,1.061,121.375,58005000.0,,41.65,34.315,1.25,1.517,,0.0,0.0
