,Year,Coal production change (%),Coal production change (tWh),Gas production change (%),Oil production change (%),Oil production change (tWh),Energy consumption change (%),Energy consumption change (tWh),Biofuel consumption change (tWh),Biofuel consumption (tWh),Biofuel consumption per capita (kWh),Coal consumption (tWh),Coal production (tWh),Coal production per capita (kWh),Electricity generation (tWh),Hydro electricity generation (tWh),Nuclear electricity generation (tWh),Other renewable electricity (tWh),Renewables electricity generation (tWh),Solar electricity generation (tWh),Wind electricity generation (tWh),Energy consumption per GDP (kWh/$),Energy consumption per capita (kWh),Gas consumption (tWh),Gas production (tWh),Gas production per capita (kWh),Share of electricity consumption from hydro,Hydro electricity consumption per capita (kWh),Electricity consumption share from low carbon,Low carbon electricity generation (tWh),Low carbon electricity consumption (kWh),Share of electricity consumption from nuclear,Nuclear electricity consumption per capita (kWh),Oil energy consumption (tWh),Oil production (tWh),Oil production per capita (kWh),Other renewables consumption per capita (kWh),Share of consumption from other renewables,Electricity consumption per capita (kWh),Population,Primary energy consumption (tWh),Renewables consumption per capita (kWh),Share of consumption from renewables,Share of electricity consumption from solar,Solar consumption per capita (kWh),GDP,Share of electricity consumption from wind,Wind consumption per capita (kWh)
17312,1900,,,,,,,,,,,,0.0,0.0,,,,,,,,,,,,,,,,,,,,,,,,,,1911594.0,,,,,,,,
17313,1901,,0.0,,,,,,,,,,0.0,0.0,,,,,,,,,,,,,,,,,,,,,,,,,,1925066.0,,,,,,,,
17314,1902,,0.0,,,,,,,,,,0.0,0.0,,,,,,,,,,,,,,,,,,,,,,,,,,1938469.0,,,,,,,,
17315,1903,,0.35,,,,,,,,,,0.35,179.324,,,,,,,,,,,,,,,,,,,,,,,,,,1952131.0,,,,,,,,
17316,1904,25.581,0.09,,,,,,,,,,0.44,223.621,,,,,,,,,,,,,,,,,,,,,,,,,,1965889.0,,,,,,,,
17317,1905,62.963,0.277,,,,,,,,,,0.716,361.869,,,,,,,,,,,,,,,,,,,,,,,,,,1979744.0,,,,,,,,
17318,1906,7.955,0.057,,,,,,,,,,0.773,387.92,,,,,,,,,,,,,,,,,,,,,,,,,,1993697.0,,,,,,,,
17319,1907,10.526,0.081,,,,,,,,,,0.855,425.804,,,,,,,,,,,,,,,,,,,,,,,,,,2007509.0,,,,,,,,
17320,1908,41.905,0.358,,,,,,,,,,1.213,600.008,,,,,,,,,,,,,,,,,,,,,,,,,,2021657.0,,,,,,,,
17321,1909,4.027,0.049,,,,,,,,,,1.262,619.801,,,,,,,,,,,,,,,,,,,,,,,,,,2035905.0,,,,,,,,
17322,1910,5.161,0.065,,,,,,,,,,1.327,647.229,,,,,,,,,,,,,,,,,,,,,,,,,,2050253.0,,,,,,,,
17323,1911,18.405,0.244,,,,,,,,,,1.571,761.014,,,,,,,,,,,,,,,,,,,,,,,,,,2064633.0,,,,,,,,
17324,1912,1.554,0.024,,,,,,,,,,1.596,767.435,,,,,,,,,,,,,,,,,,,,,,,,,,2079183.0,,,,,,,,
17325,1913,12.245,0.195,,,,,,,,,,1.791,855.378,,,,,,,,,,,,,,,,,,,,,,,,,,2093837.0,,,,,,,,
17326,1914,44.091,0.79,,,,,,,,,,2.581,1223.896,,,,,,,,,,,,,,,,,,,,,,,,,,2108593.0,,,,,,,,
17327,1915,17.35,0.448,,,,,,,,,,3.028,1426.193,,,,,,,,,,,,,,,,,,,,,,,,,,2123454.0,,,,,,,,
17328,1916,19.892,0.602,,,,,,,,,,3.631,1697.932,,,,,,,,,,,,,,,,,,,,,,,,,,2138419.0,,,,,,,,
17329,1917,11.659,0.423,,,,,,,,,,4.054,1882.629,,,,,,,,,,,,,,,,,,,,,,,,,,2153489.0,,,,,,,,
17330,1918,-10.643,-0.431,,,,,,,,,,3.623,1670.236,,,,,,,,,,,,,,,,,,,,,,,,,,2169003.0,,,,,,,,
17331,1919,4.045,0.147,,,,,,,,,,3.769,1725.434,,,,,,,,,,,,,,,,,,,,,,,,,,2184544.0,,,,,,,,
17332,1920,13.175,0.497,,,,,,,,,,4.266,1938.866,,,,,,,,,,,,,,,,,,,,,,,,,,2200197.0,,,,,,,,
17333,1921,-0.382,-0.016,,,,,,,,,,4.25,1917.726,,,,,,,,,,,,,,,,,,,,,,,,,,2215961.0,,,,,,,,
17334,1922,-10.345,-0.44,,,,,,,,,,3.81,1707.109,,,,,,,,,,,,,,,,,,,,,,,,,,2231838.0,,,,,,,,
17335,1923,19.658,0.749,,,,,,,,,,4.559,2028.163,,,,,,,,,,,,,,,,,,,,,,,,,,2247829.0,,,,,,,,
17336,1924,5.536,0.252,,,,,,,,,,4.811,2125.209,,,,,,,,,,,,,,,,,,,,,,,,,,2263935.0,,,,,,,,
17337,1925,16.582,0.798,,,,,,,,,,5.609,2459.987,,,,,,,,,,,,,,,,,,,,,,,,,,2280156.0,,,,,,,,
17338,1926,26.996,1.514,,,,,,,,,,7.123,3101.852,,,,,,,,,,,,,,,,,,,,,,,,,,2296493.0,,,,,,,,
17339,1927,3.886,0.277,,,,,,,,,,7.4,3199.456,,,,,,,,,,,,,,,,,,,,,,,,,,2312948.0,,,,,,,,
17340,1928,20.462,1.514,,,,,,,,,,8.914,3826.712,,,,,,,,,,,,,,,,,,,,,,,,,,2329520.0,,,,,,,,
17341,1929,-5.297,-0.472,,,,,,,,,,8.442,3598.237,,,,,,,,,,,,,,,,,,,,,,,,,,2346211.0,,,,,,,,
17342,1930,-9.45,-0.798,,,,,,,,,,7.644,3235.014,,,,,,,,,,,,,,,,,,,,,,,,,,2363021.0,,,,,,,,
17343,1931,-37.487,-2.866,,,,,,,,,,4.779,2007.927,,,,,,,,,,,,,,,,,,,,,,,,,,2379952.0,,,,,,,,
17344,1932,-25.383,-1.213,,,,,,,,,,3.566,1487.59,,,,,,,,,,,,,,,,,,,,,,,,,,2397005.0,,,,,,,,
17345,1933,10.502,0.374,,,,,,,,,,3.94,1632.127,,,,,,,,,,,,,,,,,,,,,,,,,,2414179.0,,,,,,,,
17346,1934,32.851,1.294,,,,,,,,,,5.235,2152.875,,,,,,,,,,,,,,,,,,,,,,,,,,2431477.0,,,,,,,,
17347,1935,8.087,0.423,,,,,,,,,,5.658,2310.427,,,,,,,,,,,,,,,,,,,,,,,,,,2448898.0,,,,,,,,
17348,1936,1.439,0.081,,,,,,,,,,5.739,2326.998,,,,,,,,,,,,,,,,,,,,,,,,,,2466444.0,,,,,,,,
17349,1937,46.099,2.646,,,,,,,,,,8.385,3375.54,,,,,,,,,,,,,,,,,,,,,,,,,,2484117.0,,,,,,,,
17350,1938,1.359,0.114,,,,,,,,,,8.499,3397.082,,,,,,,,,,,,,,,,,,,,,,,,,,2501915.0,,,,,,,,
17351,1939,7.088,0.602,,,,,,,,,,9.102,3611.992,,,,,,,,,,,,,,,,,,,,,,,,,,2519841.0,,,,,,,,
17352,1940,15.474,1.408,,,,,,,,,,10.51,4141.241,,,,,,,,,,,,,,,,,,,,,,,,,,2537896.0,,,,,,,,
17353,1941,9.373,0.985,,,,,,,,,,11.495,4497.16,,,,,,,,,,,,,,,,,,,,,,,,,,2556080.0,,,,,,,,
17354,1942,10.482,1.205,,,,,,,,,,12.7,4933.188,,,,,,,,,,,,,,,,,,,,,,,,,,2574394.0,,,,,,,,
17355,1943,14.038,1.783,,,,,,,,,,14.483,5585.709,,,,,,,,,,,,,,,,,,,,,,,,,,2592840.0,,,,,,,,
17356,1944,1.63,0.236,,,,,,,,,,14.719,5636.38,,,,,,,,,,,,,,,,,,,,,,,,,,2611417.0,,,,,,,,
17357,1945,-7.688,-1.132,,,,,,,,,,13.587,5166.037,,,,,,,,,,,,,,,,,,,,,,,,,,2630128.0,,,,,,,,
17358,1946,-3.355,-0.456,,,,,,,,,,13.131,4957.183,,,,,,,,,,,,,,,,,,,,,,,,,,2648973.0,,,,,,,,
17359,1947,-6.51,-0.855,,,,,,,,,,12.277,4601.52,,,,,,,,,,,,,,,,,,,,,,,,,,2667953.0,,,,,,,,
17360,1948,12.467,1.531,,,,,,,,,,13.807,5138.367,,,,,,,,,,,,,,,,,,,,,,,,,,2687069.0,,,,,,,,
17361,1949,13.09,1.807,,,,,,,,,,15.614,5769.623,,,,,,,,,,,,,,,,,,,,,,,,,,2706321.0,,,,,,,,
17362,1950,10.949,1.71,,,,,,,,,,17.324,6306.539,,,,,,,,,,,,,,,,,,,,,,,,,,2747000.0,,,,,,5611850752.0,,
17363,1951,8.083,1.4,,,,,,,,,,18.724,6611.693,,,,,,,,,,,,,,,,,,,,,,,,,,2832000.0,,,,,,5978725888.0,,
17364,1952,11.261,2.109,,,,,,,,,,20.833,7129.649,,,,,,,,,,,,,,,,,,,,,,,,,,2922000.0,,,,,,6263672832.0,,
17365,1953,2.345,0.488,,,,,,,,,,21.321,7069.395,,,,,,,,,,,,,,,,,,,,,,,,,,3016000.0,,,,,,6803211776.0,,
17366,1954,4.926,1.05,,,,,,,,,,22.371,7186.472,,,,,,,,,,,,,,,,,,,,,,,,,,3113000.0,,,,,,7166268928.0,,
17367,1955,20.633,4.616,,,,,,,,,,26.987,8399.451,,,,,,,,,,,,,,,,,,,,,,,,,,3213000.0,,,,,,7377076224.0,,
17368,1956,7.21,1.946,,,,,,,,,,28.933,8722.682,,,,,,,,,,,,,,,,,,,,,,,,,,3317000.0,,,,,,8295499776.0,,
17369,1957,8.413,2.434,,,,,,,,,,31.367,9158.335,,,,,,,,,,,,,,,,,,,,,,,,,,3425000.0,,,,,,9012912128.0,,
17370,1958,-8.253,-2.589,,,,,,,,,,28.778,8136.403,,,,,,,,,,,,,,,,,,,,,,,,,,3537000.0,,,,,,8965848064.0,,
17371,1959,6.337,1.824,,,,,,,,,,30.602,8374.943,,,,,,,,,,,,,,,,,,,,,,,,,,3654000.0,,,,,,10090651648.0,,
17372,1960,-90.45,-27.679,,,,,,,,,,2.923,773.794,,,,,,,,,,,,,,,,,,,,,,,,,,3777000.0,,,,,,10869810176.0,,
17373,1961,755.989,22.095,,,,,,,,,,25.017,6406.482,,,,,,,,,,,,,,,,,,,,,,,,,,3905000.0,,,,,,11426400256.0,,
17374,1962,-8.038,-2.011,,,,,,,,,,23.006,5696.084,,,,,,,,,,,,,,,,,,,,,,,,,,4039000.0,,,,,,11276808192.0,,
17375,1963,-3.043,-0.7,,,,,,,,,,22.306,5337.726,,,,,,,,,,,,,,,,,,,,,,,,,,4179000.0,,,,,,11197656064.0,,
17376,1964,11.095,2.475,,,,,,,,,,24.781,5732.414,,,,,,,,,,,,,,,,,,,,,,,,,,4323000.0,,,,,,11455925248.0,,
17377,1965,15.276,3.786,,,,,,,,,,28.567,6389.352,,,,,,,,,,,,,,,,,,,,,,,,,,4471000.0,,,,,,12523004928.0,,
17378,1966,-3.334,-0.952,,,,,,,,,,27.614,5973.241,,,,,,,,,,,,,,,,,,,,,,,,,,4623000.0,,,,,,12549420032.0,,
17379,1967,-9.788,-2.703,,,,,,,,,,24.911,5211.607,,,,,,,,,,,,,,,,,,,,,,,,,,4780000.0,,,,,,13786200064.0,,
17380,1968,6.961,1.734,,,,,,,,,,26.646,5391.646,,,,,,,,,,,,,,,,,,,,,,,,,,4942000.0,,,,,,14833296384.0,,
17381,1969,1.803,0.48,,,,,,,,,,27.126,5307.344,,,,,,,,,,,,,,,,,,,,,,,,,,5111000.0,,,,,,15684289536.0,,
17382,1970,5.642,1.531,,,,,,,,,,28.656,5418.102,,,,,,,,,,,,,,,,,,,,,,,,,,5289000.0,,,,,,19015720960.0,,
17383,1971,-4.545,-1.303,,,,,,,,,,27.354,4994.3,,,,,,,,,,,,,,,,,,,,,,,,,,5477000.0,,,,,,20712495104.0,,
17384,1972,-13.452,-3.68,,,,,,,,,,23.674,4172.373,,,,,,,,,,,,,,,,,,,,,,,,,,5674000.0,,,,,,23186116608.0,,
17385,1973,21.596,5.113,,,,,,,,,,28.787,4897.346,,,,,,,,,,,,,,,,,,,,,,,,,,5878000.0,,,,,,24170053632.0,,
17386,1974,-12.189,-3.509,,,,,,,,,,25.278,4154.121,,,,,,,,,,,,,,,,,,,,,,,,,,6085000.0,,,,,,26796992512.0,,
17387,1975,6.28,1.587,,,,,,,,,,26.865,4268.402,,,,,,,,,,,,,,,,,,,,,,,,,,6294000.0,,,,,,26268563456.0,,
17388,1976,8.879,2.385,,,,,,,,,,29.251,4498.022,,,,,,,,,,,,,,,,,,,,,,,,,,6503000.0,,,,,,26094432256.0,,
17389,1977,-15.697,-4.592,,,,,,,,,,24.659,3673.337,,,,,,,,,,,,,,,,,,,,,,,,,,6713000.0,,,,,,22941468672.0,,
17390,1978,1.189,0.293,,,,,,,,,,24.952,3600.604,,,,,,,,,,,,,,,,,,,,,,,,,,6930000.0,,,,,,26499571712.0,,
17391,1979,4.013,1.001,,,,,,,,,,25.954,3624.795,,,,,,,,,,,,,,,,,,,,,,,,,,7160000.0,,,,,,26790430720.0,,
17392,1980,-22.707,-5.893,,,,,,,,,,20.06,2707.565,,,,,,,,1.345,5211.551,,0.0,0.0,,,,,,,,,0.0,0.0,,,,7409000.0,38.612,,,,,28701509632.0,,
17393,1981,7.287,1.462,,,,-0.134,-0.052,,0.0,0.0,,21.522,2803.832,,,,,,,,1.227,5023.537,,,,,,,,,,,,,,,,,7676000.0,38.561,,,,,31417241600.0,,
17394,1982,-3.484,-0.75,,,,-6.608,-2.548,0.0,0.0,0.0,,20.772,2610.243,,,,,,,,1.148,4525.307,,,,,,,,,,,,,,,,,7958000.0,36.012,,,,,31372795904.0,,
17395,1983,20.217,4.199,,,,5.704,2.054,0.0,0.0,0.0,,24.972,3025.048,,,,,,,,1.226,4611.327,,,,,,,,,,,,,,,,,8255000.0,38.067,,,,,31038119936.0,,
17396,1984,-6.607,-1.65,,,,-1.583,-0.603,0.0,0.0,0.0,,23.322,2723.894,,,,,,,,1.263,4375.596,,,,,,,,,,,,,,,,,8562000.0,37.464,,,,,29667600384.0,,
17397,1985,0.0,0.0,,,,7.464,2.796,0.0,0.0,0.0,,23.322,2627.237,,,,,,,,1.301,4535.326,,,,,,,,,,,,,,,,,8877000.0,40.26,,,,,30944399360.0,,
17398,1986,30.225,7.049,,,,11.078,4.46,0.0,0.0,0.0,,30.371,3301.203,,,,,,,,1.443,4860.88,,,,,,,,,,,,,,,,,9200000.0,44.72,,,,,30998484992.0,,
17399,1987,19.259,5.849,,,,18.31,8.188,0.0,0.0,0.0,,36.22,3801.859,,,,,,,,1.77,5553.497,,,,,,,,,,,,,,,,,9527000.0,52.908,,,,,29887488000.0,,
17400,1988,4.969,1.8,,,,-1.582,-0.837,0.0,0.0,0.0,,38.02,3860.299,,,,,,,,1.631,5286.927,,,,,,,,,,,,,,,,,9849000.0,52.071,,,,,31930400768.0,,
17401,1989,0.789,0.3,,,,7.39,3.848,0.0,0.0,0.0,,38.32,3773.886,,,,,,,,1.682,5507.106,,,,,,,,,,,,,,,,,10154000.0,55.919,,,,,33245292544.0,,
17402,1990,7.632,2.925,,,,5.203,2.91,0.0,0.0,0.0,,41.245,3953.668,,,,,,,,1.774,5639.264,,,,,,,,,,,,,,,,,10432000.0,58.829,,,,,33159340032.0,,
17403,1991,2.182,0.9,,,,3.032,1.784,0.0,0.0,0.0,,42.145,3945.749,,,,,,,,1.771,5674.788,,,,,,,,,,,,,,,,,10681000.0,60.612,,,,,34233360384.0,,
17404,1992,-1.246,-0.525,,,,-8.546,-5.18,0.0,0.0,0.0,,41.62,3817.963,,,,,,,,1.818,5085.06,,,,,,,,,,,,,,,,,10901000.0,55.432,,,,,30498400256.0,,
17405,1993,-4.685,-1.95,,,,-3.629,-2.011,0.0,0.0,0.0,,39.67,3576.117,,,,,,,,1.77,4815.723,,,,,,,,,,,,,,,,,11093000.0,53.421,,,,,30173024256.0,,
17406,1994,3.403,1.35,,,,-2.752,-1.47,0.0,0.0,0.0,,41.02,3642.31,,,,,,,,1.609,4612.933,,,,,,,,,,,,,,,,,11262000.0,51.951,,,,,32293517312.0,,
17407,1995,1.28,0.525,,,,0.225,0.117,0.0,0.0,0.0,,41.545,3640.752,,,,,,,,1.642,4562.922,,,,,,,,,,,,,,,,,11411000.0,52.068,,,,,31702718464.0,,
17408,1996,-6.679,-2.775,,,,3.299,1.718,0.0,0.0,0.0,,38.77,3359.326,,,,,,,,1.567,4660.361,,,,,,,,,,,,,,,,,11541000.0,53.785,,,,,34313144320.0,,
17409,1997,2.515,0.975,,,,-2.419,-1.301,0.0,0.0,0.0,,39.745,3410.698,,,,,,,,1.519,4503.937,,,,,,,,,,,,,,,,,11653000.0,52.484,,,,,34556096512.0,,
17410,1998,3.208,1.275,,,,0.153,0.08,0.0,0.0,0.0,,41.02,3491.929,,,,,,,,1.507,4474.724,,,,,,,,,,,,,,,,,11747000.0,52.565,,,,,34890641408.0,,
17411,1999,-8.958,-3.675,,,,14.283,7.508,0.0,0.0,0.0,,37.345,3158.688,,,,,,,,1.772,5080.995,,,,,,,,,,,,,,,,,11823000.0,60.073,,,,,33896636416.0,,
17412,2000,-11.446,-4.274,,,,-9.024,-5.421,0.0,0.0,0.0,,33.071,2783.497,6.738,3.227,0.0,0.0,3.227,0.0,0.0,1.715,4599.905,,,,47.893,271.61,47.893,3.227,271.61,0.0,0.0,,,,0.0,0.0,567.124,11881000.0,54.651,271.61,47.893,0.0,0.0,31866720256.0,0.0,0.0
17413,2001,2.3,0.761,,,,-4.696,-2.567,0.0,0.0,0.0,,33.831,2837.259,7.582,2.968,0.0,0.0,2.968,0.0,0.0,1.673,4368.078,,,,39.145,248.91,39.145,2.968,248.91,0.0,0.0,,,,0.0,0.0,635.86,11924000.0,52.085,248.91,39.145,0.0,0.0,31141632000.0,0.0,0.0
17414,2002,-12.707,-4.299,,,,-0.735,-0.383,0.0,0.0,0.0,,29.532,2470.511,8.263,3.786,0.0,0.0,3.786,0.0,0.0,1.834,4325.072,,,,45.819,316.714,45.819,3.786,316.714,0.0,0.0,,,,0.0,0.0,691.233,11954000.0,51.702,316.714,45.819,0.0,0.0,28193615872.0,0.0,0.0
17415,2003,-28.282,-8.353,,,,-1.677,-0.867,0.0,0.0,0.0,,21.18,1767.649,8.539,5.305,0.0,0.0,5.305,0.0,0.0,2.197,4242.59,,,,62.127,442.747,62.127,5.305,442.747,0.0,0.0,,,,0.0,0.0,712.652,11982000.0,50.835,442.747,62.127,0.0,0.0,23135727616.0,0.0,0.0
17416,2004,34.461,7.299,,,,-6.411,-3.259,0.0,0.0,0.0,,28.479,2369.287,9.411,5.466,0.0,0.0,5.466,0.0,0.0,2.236,3958.053,,,,58.081,454.742,58.081,5.466,454.742,0.0,0.0,,,,0.0,0.0,782.945,12020000.0,47.576,454.742,58.081,0.0,0.0,21275555840.0,0.0,0.0
17417,2005,-11.24,-3.201,,,,2.341,1.114,0.0,0.0,0.0,,25.278,2093.063,9.035,4.866,0.0,0.0,4.866,0.0,0.0,2.52,4031.601,,,,53.857,402.915,53.857,4.866,402.915,0.0,0.0,,,,0.0,0.0,748.116,12077000.0,48.69,402.915,53.857,0.0,0.0,19320739840.0,0.0,0.0
17418,2006,-37.49,-9.477,,,,-2.052,-0.999,0.0,0.0,0.0,,15.801,1299.985,7.577,5.257,0.0,0.0,5.257,0.0,0.0,2.603,3923.549,,,,69.381,432.497,69.381,5.257,432.497,0.0,0.0,,,,0.0,0.0,623.365,12155000.0,47.691,432.497,69.381,0.0,0.0,18320328704.0,0.0,0.0
17419,2007,-1.276,-0.202,,,,0.273,0.13,0.0,0.0,0.0,,15.6,1272.817,7.287,5.329,0.0,0.0,5.329,0.0,0.0,2.746,3901.841,,,,73.13,434.807,73.13,5.329,434.807,0.0,0.0,,,,0.0,0.0,594.566,12256000.0,47.821,434.807,73.13,0.0,0.0,17416245248.0,0.0,0.0
17420,2008,-27.456,-4.283,,,,-13.684,-6.544,0.0,0.0,0.0,,11.317,914.106,7.387,5.651,0.0,0.079,5.73,0.0,0.0,2.886,3334.178,,,,76.499,456.462,77.569,5.73,462.843,0.0,0.0,,,,6.381,1.069,596.688,12380000.0,41.277,462.843,77.569,0.0,0.0,14300999680.0,0.0,0.0
17421,2009,10.488,1.187,,,,-0.4,-0.165,0.0,0.0,0.0,,12.503,998.122,7.112,5.403,0.0,0.057,5.46,0.0,0.0,2.715,3281.868,,,,75.97,431.308,76.772,5.46,435.859,0.0,0.0,,,,4.55,0.801,567.734,12527000.0,41.112,435.859,76.772,0.0,0.0,15141297152.0,0.0,0.0
17422,2010,60.026,7.505,,,,13.346,5.487,0.0,0.0,0.0,,20.009,1575.743,8.441,5.741,0.0,0.094,5.835,0.0,0.0,2.806,3669.757,,,,68.016,452.118,69.13,5.835,459.521,0.0,0.0,,,,7.403,1.114,664.725,12698000.0,46.599,459.521,69.13,0.0,0.0,16604099584.0,0.0,0.0
17423,2011,-3.978,-0.796,,,,10.003,4.661,0.0,0.0,0.0,,19.213,1490.067,8.929,5.149,0.0,0.131,5.28,0.0,0.0,2.8,3975.496,,,,57.669,399.333,59.141,5.28,409.524,0.0,0.0,,,,10.16,1.467,692.457,12894000.0,51.26,409.524,59.141,0.004,0.031,18307260416.0,0.0,0.0
17424,2012,-37.8,-7.262,,,,8.771,4.496,0.0,0.0,0.0,,11.95,911.205,8.929,5.336,0.0,0.168,5.506,0.002,0.0,2.722,4251.322,,,,59.757,406.862,61.661,5.506,419.825,0.0,0.0,,,,12.81,1.881,680.86,13115000.0,55.756,419.825,61.661,0.022,0.152,20482260992.0,0.0,0.0
17425,2013,95.419,11.403,,,,0.583,0.325,0.0,0.0,0.0,,23.353,1749.324,9.256,4.946,0.0,0.166,5.115,0.003,0.0,2.362,4200.829,,,,53.437,370.487,55.263,5.115,383.146,0.0,0.0,,,,12.434,1.793,693.311,13350000.0,56.081,383.146,55.263,0.032,0.225,23742582784.0,0.0,0.0
17426,2014,85.685,20.01,,,,0.006,0.003,0.0,0.0,0.0,,43.364,3191.572,9.707,5.377,0.0,0.144,5.526,0.005,0.0,2.266,4127.801,,,,55.392,395.746,56.927,5.526,406.712,0.0,0.0,,,,10.598,1.483,714.442,13587000.0,56.084,406.712,56.927,0.052,0.368,24748283904.0,0.0,0.0
17427,2015,-25.013,-10.847,,,,-0.789,-0.443,0.0,0.0,0.0,,32.517,2353.763,9.388,4.94,0.0,0.128,5.076,0.008,0.0,2.223,4027.628,,,,52.622,357.582,54.07,5.076,367.427,0.0,0.0,,,,9.265,1.363,679.535,13815000.0,55.642,367.427,54.07,0.085,0.579,25030569984.0,0.0,0.0
17428,2016,-37.694,-12.257,,,,-14.633,-8.142,0.0,0.0,0.0,,20.26,1444.068,6.826,2.955,0.0,0.147,3.111,0.009,0.0,1.889,3385.574,,,,43.291,210.62,45.577,3.111,221.739,0.0,0.0,,,,10.478,2.154,486.52,14030000.0,47.5,221.739,45.577,0.132,0.641,25151762432.0,0.0,0.0
17429,2017,8.375,1.697,,,,,,0.0,0.0,0.0,,21.957,1542.26,7.31,3.929,0.0,0.151,4.091,0.011,0.0,,,,,,53.752,275.971,55.968,4.091,287.35,0.0,0.0,,,,10.606,2.066,513.42,14237000.0,,287.35,55.968,0.15,0.773,,0.0,0.0
17430,2018,22.555,4.952,,,,,,0.0,0.0,0.0,,26.91,1863.676,9.133,5.0,0.0,0.187,5.201,0.014,0.0,,,,,,54.746,346.284,56.947,5.201,360.205,0.0,0.0,,,,12.951,2.048,632.524,14439000.0,,360.205,56.947,0.153,0.97,,0.0,0.0
17431,2019,-35.015,-9.422,,,,,,0.0,0.0,0.0,,17.487,1194.077,9.046,5.02,0.0,0.207,5.241,0.014,0.0,,,,,,55.494,342.779,57.933,5.241,357.847,0.0,0.0,,,,14.112,2.285,617.692,14645000.0,,357.847,57.933,0.155,0.956,,0.0,0.0
